theta_array,theta_org,x_array,y_array,xi_x_array,xi_y_array,fmpi_x_array,fmpi_y_array
4.33493187169893+0i,0+0i,0+0i,0+0i,0,0,0+0i,0+0i
4.30149356339472+0i,1.56161680194788+0i,-0.0399430373644482+0i,-0.091676353363898+0i,0,0,-0.0399430373644482+0i,-0.091676353363898+0i
4.30598340792798+0i,1.56148196775214+0i,-0.0794740609385884+0i,-0.183531120116532+0i,0,-0,-0.0395310235741402+0i,-0.0918547667526339+0i
4.28480867425787+0i,1.56149124196131+0i,-0.120941077473423+0i,-0.274528298862358+0i,0,0,-0.0414670165348346+0i,-0.0909971787458257+0i
4.30071486739845+0i,1.5614071256481+0i,-0.160955490729896+0i,-0.366173520951347+0i,0,0,-0.0400144132564726+0i,-0.0916452220889896+0i
4.31075236528233+0i,1.56145697561283+0i,-0.200048014973749+0i,-0.458215764232591+0i,-0,0,-0.039092524243854+0i,-0.0920422432812439+0i
4.30448673504718+0i,1.56148713187514+0i,-0.23971647075961+0i,-0.550011263117696+0i,-0,0,-0.0396684557858608+0i,-0.0917954988851044+0i
4.30972242175821+0i,1.56145630767334+0i,-0.278903772564763+0i,-0.642013194495422+0i,0,0,-0.0391873018051528+0i,-0.0920019313777263+0i
4.33523794899837+0i,1.56146868591574+0i,-0.315731095693066+0i,-0.73498495510693+0i,-0,0,-0.036827323128303+0i,-0.0929717606115081+0i
4.32524726497305+0i,1.56156134149935+0i,-0.353485416931323+0i,-0.827584151798038+0i,0,0,-0.0377543212382568+0i,-0.0925991966911081+0i
4.29327154451877+0i,1.56151450821687+0i,-0.394180860412121+0i,-0.918928997738579+0i,-0,0,-0.0406954434807979+0i,-0.0913448459405411+0i
4.3203575805277+0i,1.56138569665827+0i,-0.432387509364437+0i,-1.01134248147247+0i,0,0,-0.0382066489523163+0i,-0.0924134837338928+0i
4.2870085926893+0i,1.56148086766996+0i,-0.473654239347314+0i,-1.10243066400193+0i,-0,0,-0.0412667299828774+0i,-0.0910881825294603+0i
4.2941740085102+0i,1.56134801314523+0i,-0.514267230833016+0i,-1.19381219891234+0i,-0,0,-0.0406129914857011+0i,-0.0913815349104094+0i
4.2821202633567+0i,1.56136655502049+0i,-0.555978735028035+0i,-1.28469756856989+0i,0,0,-0.0417115041950191+0i,-0.0908853696575467+0i
4.28897569986946+0i,1.56131517767978+0i,-0.597066205067587+0i,-1.37586675089456+0i,0,0,-0.0410874700395525+0i,-0.0911691823246698+0i
4.28175313326587+0i,1.56133226807869+0i,-0.638811073204842+0i,-1.46673680087916+0i,-0,0,-0.0417448681372545+0i,-0.0908700499845974+0i
4.27850055318889+0i,1.56129846040155+0i,-0.680851282120062+0i,-1.55747059190744+0i,-0,-0,-0.0420402089152201+0i,-0.0907337910282859+0i
4.3136780657207+0i,1.56127907076722+0i,-0.7196743514061+0i,-1.64962681411306+0i,-0,-0,-0.038823069286038+0i,-0.0921562222056194+0i
4.2857319200276+0i,1.56140281666127+0i,-0.761057337519652+0i,-1.74066223831884+0i,0,-0,-0.041382986113552+0i,-0.0910354242057759+0i
4.27953502872314+0i,1.56128984469887+0i,-0.80300366207022+0i,-1.83143947035803+0i,-0,0,-0.0419463245505677+0i,-0.0907772320391982+0i
4.28028148456562+0i,1.56125966037198+0i,-0.844882213745692+0i,-1.92224798818299+0i,-0,-0,-0.0418785516754722+0i,-0.090808517824953+0i
4.26860949520844+0i,1.56125454076431+0i,-0.887817804771701+0i,-2.01256152550297+0i,-0,0,-0.0429355910260093+0i,-0.0903135373199792+0i
4.28047340471095+0i,1.56120516477545+0i,-0.929678927692078+0i,-2.1033780789932+0i,-0,-0,-0.0418611229203769+0i,-0.0908165534902371+0i
4.26142363812341+0i,1.56123952348379+0i,-0.973262384786989+0i,-2.19338075821808+0i,0,0,-0.043583457094911+0i,-0.0900026792248767+0i
4.27206965089372+0i,1.56116423798195+0i,-1.01588522051022+0i,-2.28384231842412+0i,0,-0,-0.0426228357232356+0i,-0.0904615602060349+0i
4.26899265512509+0i,1.56119347903028+0i,-1.05878620385793+0i,-2.37417230031164+0i,0,0,-0.0429009833477051+0i,-0.0903299818875213+0i
4.26661293199614+0i,1.56117458826515+0i,-1.10190202587404+0i,-2.46439993406026+0i,0,-0,-0.0431158220161104+0i,-0.0902276337486199+0i
4.24950609570305+0i,1.56115816716836+0i,-1.14655497333164+0i,-2.55387682651495+0i,0,-0,-0.0446529474575958+0i,-0.0894768924546957+0i
4.25563343537679+0i,1.56109119724864+0i,-1.19065883067783+0i,-2.6436256413661+0i,-0,0,-0.044103857346197+0i,-0.0897488148511517+0i
4.24856495301914+0i,1.56110371104533+0i,-1.23539596887005+0i,-2.73306046940513+0i,-0,-0,-0.0447371381922149+0i,-0.0894348280390289+0i
4.22655251228847+0i,1.56107145482115+0i,-1.28209078873353+0i,-2.82148893652923+0i,-0,0,-0.0466948198634773+0i,-0.0884284671240964+0i
4.22625594424638+0i,1.56099128385854+0i,-1.32881183160051+0i,-2.90990355157347+0i,0,0,-0.0467210428669877+0i,-0.0884146150442397+0i
4.20994560564991+0i,1.56098171783631+0i,-1.37696866844314+0i,-2.99754440429246+0i,-0,0,-0.0481568368426318+0i,-0.0876408527189926+0i
4.19993107450557+0i,1.56092276336555+0i,-1.42600075783986+0i,-3.08469860217984+0i,0,0,-0.0490320893967151+0i,-0.0871541978873797+0i
4.18427097677369+0i,1.56088426167316+0i,-1.47639162254943+0i,-3.1710742975682+0i,-0,-0,-0.0503908647095657+0i,-0.086375695388357+0i
4.18328177706545+0i,1.56083082647047+0i,-1.5268679054036+0i,-3.25740010407602+0i,0,-0,-0.0504762828541754+0i,-0.0863258065078183+0i
4.1691168799939+0i,1.56081891546291+0i,-1.57856187972603+0i,-3.34300228289614+0i,0,-0,-0.0516939743224263+0i,-0.0856021788201231+0i
4.14417901092372+0i,1.5607716028868+0i,-1.63237429537959+0i,-3.42728884126418+0i,-0,-0,-0.0538124156535606+0i,-0.0842865583680365+0i
4.16715779491892+0i,1.56069991860414+0i,-1.68423587234458+0i,-3.51278958298438+0i,-0,-0,-0.0518615769649893+0i,-0.0855007417202009+0i
4.1669888348791+0i,1.56074757739345+0i,-1.73611189477796+0i,-3.59828156095009+0i,-0,-0,-0.0518760224333873+0i,-0.0854919779657173+0i
4.15319898846553+0i,1.56073770796895+0i,-1.789161868803+0i,-3.68305007076325+0i,-0,-0,-0.0530499740250372+0i,-0.0847685098131545+0i
4.15406943774693+0i,1.56069311507672+0i,-1.8421380360514+0i,-3.76786472576856+0i,-0,0,-0.0529761672484008+0i,-0.0848146550053083+0i
4.17913390218143+0i,1.56068567702506+0i,-1.89297195230526+0i,-3.85398042095994+0i,-0,0,-0.0508339162538584+0i,-0.086115695191386+0i
4.17261636864446+0i,1.56074185426083+0i,-1.94436604685311+0i,-3.93976297772766+0i,-0,-0,-0.0513940945478542+0i,-0.0857825567677149+0i
4.14654856112811+0i,1.56071473654411+0i,-1.99797859038992+0i,-4.02417681057225+0i,0,-0,-0.0536125435368012+0i,-0.0844138328445913+0i
4.12690222813914+0i,1.56063843727126+0i,-2.05323910320276+0i,-4.1075211308566+0i,0,0,-0.0552605128128473+0i,-0.083344320284355+0i
4.11096565860587+0i,1.56058279465592+0i,-2.10982076512426+0i,-4.18997424198166+0i,0,0,-0.0565816619215001+0i,-0.0824531111250574+0i
4.10708542267342+0i,1.56053844705474+0i,-2.1667219378147+0i,-4.27220718274419+0i,0,0,-0.0569011726904398+0i,-0.0822329407625238+0i
4.08576878836569+0i,1.56052034646603+0i,-2.22536297985401+0i,-4.3532085913032+0i,0,-0,-0.0586410420393055+0i,-0.0810014085590146+0i
4.07895977678401+0i,1.56046893709701+0i,-2.28455419778906+0i,-4.43380883770087+0i,0,-0,-0.0591912179350503+0i,-0.0806002463976717+0i
4.08460866041948+0i,1.56044638086494+0i,-2.34328917234264+0i,-4.51474216065372+0i,-0,-0,-0.0587349745535855+0i,-0.080933322952846+0i
4.08729218336398+0i,1.56044608453071+0i,-2.40180674924396+0i,-4.59583280865704+0i,-0,-0,-0.0585175769013133+0i,-0.0810906480033233+0i
4.08025445046117+0i,1.56044062456465+0i,-2.46089356658322+0i,-4.67650962079484+0i,-0,-0,-0.0590868173392597+0i,-0.0806768121377943+0i
4.06109864661772+0i,1.56041742717473+0i,-2.52151487812839+0i,-4.75603984515353+0i,-0,0,-0.0606213115451717+0i,-0.0795302243586879+0i
4.06076834090659+0i,1.56037465278415+0i,-2.58216245565345+0i,-4.83555004160871+0i,0,-0,-0.0606475775250585+0i,-0.0795101964551844+0i
4.09614954372674+0i,1.56036350699557+0i,-2.63995949743493+0i,-4.91715581322635+0i,0,0,-0.0577970417814814+0i,-0.0816057716176355+0i
4.11783031170408+0i,1.56041565453202+0i,-2.69597381864042+0i,-4.99999539205125+0i,0,-0,-0.0560143212054886+0i,-0.0828395788249092+0i
4.10131653865369+0i,1.56045026496008+0i,-2.75334843416389+0i,-5.08189871001539+0i,-0,-0,-0.0573746155234695+0i,-0.0819033179641342+0i
4.1063407628057+0i,1.5604052243971+0i,-2.81031082664309+0i,-5.16408925596226+0i,0,-0,-0.0569623924792+0i,-0.0821905459468762+0i
4.10434040916968+0i,1.56040513347242+0i,-2.86743751520503+0i,-5.24616569261705+0i,-0,0,-0.0571266885619474+0i,-0.0820764366547809+0i
4.11644537159933+0i,1.56039061085436+0i,-2.92356651050944+0i,-5.32892761554128+0i,-0,0,-0.0561289953044076+0i,-0.0827619229242397+0i
4.09934583329944+0i,1.56040596926228+0i,-2.9811024218234+0i,-5.41071770607352+0i,0,0,-0.0575359113139605+0i,-0.0817900905322403+0i
4.08489926648033+0i,1.56035960396077+0i,-3.039813874183+0i,-5.49166809434823+0i,-0,0,-0.0587114523596017+0i,-0.0809503882747095+0i
4.08800432287425+0i,1.5603209850068+0i,-3.09827368839646+0i,-5.57280039446433+0i,-0,-0,-0.0584598142134576+0i,-0.0811323001160945+0i
4.07916847499898+0i,1.560316221355+0i,-3.15744808391505+0i,-5.65341299220817+0i,0,0,-0.0591743955185877+0i,-0.0806125977438375+0i
4.07682890086178+0i,1.56028911230243+0i,-3.21681091646177+0i,-5.73388692657222+0i,-0,-0,-0.0593628325467257+0i,-0.0804739343640498+0i
4.08689339434851+0i,1.5602741564501+0i,-3.27536082676881+0i,-5.81495423196125+0i,-0,0,-0.0585499103070332+0i,-0.0810673053890307+0i
4.09052556715564+0i,1.5602820590542+0i,-3.33361590104642+0i,-5.89623366552786+0i,0,0,-0.0582550742776135+0i,-0.0812794335666147+0i
4.08253984630464+0i,1.56027836821514+0i,-3.39251818578889+0i,-5.97704530362608+0i,0,0,-0.0589022847424724+0i,-0.0808116380982139+0i
4.06666446534637+0i,1.56025240660851+0i,-3.45269590983594+0i,-6.05691170161996+0i,0,0,-0.0601777240470507+0i,-0.0798663979938811+0i
4.05836072260419+0i,1.56021321922764+0i,-3.5135347416047+0i,-6.13627565155324+0i,-0,-0,-0.0608388317687553+0i,-0.0793639499332858+0i
4.07636352965764+0i,1.56018847442091+0i,-3.5729350179737+0i,-6.21672195145129+0i,0,0,-0.0594002763689963+0i,-0.0804462998980492+0i
4.07904898671548+0i,1.56020843216576+0i,-3.63211904533076+0i,-6.29732747797273+0i,0,0,-0.059184027357068+0i,-0.0806055265214354+0i
4.09244355085709+0i,1.56020246292435+0i,-3.6902181199248+0i,-6.37871849425412+0i,-0,0,-0.0580990745940332+0i,-0.0813910162813868+0i
4.08586530875207+0i,1.56021732607281+0i,-3.74885134340371+0i,-6.45972556249184+0i,-0,-0,-0.0586332234789108+0i,-0.0810070682377291+0i
4.07234567548747+0i,1.56019360420219+0i,-3.80857436095138+0i,-6.53993255205634+0i,0,-0,-0.0597230175476773+0i,-0.0802069895645002+0i
4.09333203823175+0i,1.56015756890307+0i,-3.86660109773257+0i,-6.62137515649976+0i,0,-0,-0.058026736781182+0i,-0.0814426044434203+0i
4.09506118575605+0i,1.56018651921053+0i,-3.92448692155755+0i,-6.70291797592676+0i,-0,-0,-0.0578858238249808+0i,-0.0815428194269936+0i
4.1022086207025+0i,1.56017916548259+0i,-3.98178844978136+0i,-6.78487244415892+0i,0,-0,-0.0573015282238111+0i,-0.0819544682321579+0i
4.09214399471459+0i,1.56018317066331+0i,-4.03991190294717+0i,-6.86624605285413+0i,-0,0,-0.058123453165812+0i,-0.0813736086952131+0i
4.09597819687513+0i,1.56015150916551+0i,-4.09772292677217+0i,-6.94784191993271+0i,-0,0,-0.0578110238250004+0i,-0.0815958670785797+0i
4.09724183798467+0i,1.56014839780584+0i,-4.15543079657661+0i,-7.02951077423246+0i,-0,0,-0.0577078698044381+0i,-0.0816688542997514+0i
4.10447645975728+0i,1.56014009142474+0i,-4.21254631806246+0i,-7.11159498224716+0i,0,0,-0.0571155214858465+0i,-0.0820842080146956+0i
4.09123812016024+0i,1.56014451199562+0i,-4.27074346165139+0i,-7.19291590500439+0i,-0,-0,-0.0581971435889388+0i,-0.0813209227572366+0i
4.08243762593603+0i,1.56010588500791+0i,-4.32965400668155+0i,-7.27372152166716+0i,0,-0,-0.0589105450301574+0i,-0.0808056166627655+0i
4.08719912491689+0i,1.56007741756579+0i,-4.38817912949925+0i,-7.35480672376454+0i,-0,-0,-0.0585251228177016+0i,-0.08108520209738+0i
4.1015079516071+0i,1.56007563928009+0i,-4.44553806661576+0i,-7.43672102247279+0i,-0,0,-0.0573589371165074+0i,-0.0819142987082509+0i
4.10767113829411+0i,1.56009415574788+0i,-4.50239106443068+0i,-7.51898727703356+0i,-0,0,-0.0568529978149166+0i,-0.0822662545607681+0i
4.10793983886497+0i,1.56009661762526+0i,-4.5592219552039+0i,-7.6012688050573+0i,-0,0,-0.0568308907732261+0i,-0.0822815280237408+0i
4.11466095608914+0i,1.56008624597034+0i,-4.61549854272763+0i,-7.68393043882221+0i,0,-0,-0.0562765875237241+0i,-0.0826616337649131+0i
4.11211613471206+0i,1.56009049301128+0i,-4.67198530689022+0i,-7.76644859121573+0i,-0,0,-0.0564867641625897+0i,-0.0825181523935187+0i
4.10853144783839+0i,1.5600737105681+0i,-4.72876750923052+0i,-7.84876372650314+0i,0,-0,-0.0567822023403015+0i,-0.0823151352874127+0i
4.11542040147263+0i,1.56005459690728+0i,-4.78498130353516+0i,-7.93146807542069+0i,0,-0,-0.0562137943046385+0i,-0.0827043489175496+0i
4.13060527876294+0i,1.56005931695137+0i,-4.83993280993436+0i,-8.01501645628148+0i,0,0,-0.0549515063991995+0i,-0.0835483808607847+0i
4.14351604452545+0i,1.56008495161872+0i,-4.89380109291391+0i,-8.09926732030574+0i,0,0,-0.0538682829795551+0i,-0.0842508640242614+0i
4.1594441767046+0i,1.56010725497077+0i,-4.94632064054553+0i,-8.18436548195785+0i,0,-0,-0.0525195476316233+0i,-0.0850981616521159+0i
4.14967357131497+0i,1.56013998484397+0i,-4.99966912864265+0i,-8.26894644209518+0i,0,-0,-0.0533484880971134+0i,-0.0845809601373273+0i
4.14204247885331+0i,1.56010236061592+0i,-5.05366150227368+0i,-8.35311783622458+0i,0,-0,-0.0539923736310295+0i,-0.0841713941294031+0i
4.12428751411005+0i,1.56007119205547+0i,-5.10913974750122+0i,-8.43631738133435+0i,-0,-0,-0.0554782452275477+0i,-0.0831995451097666+0i
4.11688093327645+0i,1.56001510400485+0i,-5.16523268956059+0i,-8.5191037440466+0i,0,-0,-0.0560929420593697+0i,-0.0827863627122499+0i
4.13255972074078+0i,1.55998615301859+0i,-5.22002080064797+0i,-8.60275936479904+0i,-0,0,-0.0547881110873795+0i,-0.0836556207524453+0i
4.14905873747373+0i,1.56001372981997+0i,-5.27342128189501+0i,-8.6873075084959+0i,0,0,-0.0534004812470391+0i,-0.0845481436968585+0i
4.14996251632866+0i,1.56004644108444+0i,-5.32674532851877+0i,-8.77190387988184+0i,-0,-0,-0.0533240466237574+0i,-0.0845963713859368+0i
4.15658633050489+0i,1.5600381050321+0i,-5.37950785880632+0i,-8.85685160143843+0i,-0,0,-0.0527625302875515+0i,-0.0849477215565857+0i
4.15800881762048+0i,1.56004578923269+0i,-5.43214949871353+0i,-8.94187429104467+0i,-0,-0,-0.0526416399072114+0i,-0.0850226896062427+0i
4.17322862597879+0i,1.56003906586354+0i,-5.48349106263236+0i,-9.02768829814356+0i,0,-0,-0.0513415639188263+0i,-0.0858140070988943+0i
4.19295534076098+0i,1.56007304660795+0i,-5.53312991861058+0i,-9.11449834351375+0i,0,-0,-0.0496388559782212+0i,-0.0868100453701841+0i
4.19737950001985+0i,1.56012428841237+0i,-5.58238422858123+0i,-9.20152714879864+0i,-0,0,-0.0492543099706496+0i,-0.0870288052848893+0i
4.19497828745434+0i,1.56012840845971+0i,-5.63184737101615+0i,-9.288437433233+0i,-0,-0,-0.0494631424349241+0i,-0.0869102844343661+0i
4.19872235780639+0i,1.56011020216867+0i,-5.68098476930377+0i,-9.3755323015636+0i,-0,-0,-0.0491373982876139+0i,-0.0870948683305991+0i
4.20364271649567+0i,1.56011221067866+0i,-5.72969303652306+0i,-9.46286788826509+0i,0,-0,-0.0487082672192975+0i,-0.0873355867014902+0i
4.19940530816974+0i,1.5601184038392+0i,-5.77877094188397+0i,-9.54999629468565+0i,0,0,-0.0490779053609035+0i,-0.0871284064205596+0i
4.17912121758581+0i,1.56009386219851+0i,-5.82960595047651+0i,-9.63611134506244+0i,-0,0,-0.0508350085925392+0i,-0.0861150503767864+0i
4.1726870684893+0i,1.5600177304554+0i,-5.88099398008247+0i,-9.72189753517027+0i,0,0,-0.0513880296059601+0i,-0.0857861901078313+0i
4.1654739173262+0i,1.55998709896342+0i,-5.93299945623729+0i,-9.80731082716812+0i,0,-0,-0.0520054761548206+0i,-0.0854132919978523+0i
4.18704888482015+0i,1.55995442892677+0i,-5.9831501830889+0i,-9.89382617029438+0i,0,-0,-0.050150726851616+0i,-0.0865153431262606+0i
4.16342087156149+0i,1.56001093240978+0i,-6.0353309069165+0i,-9.97913251273636+0i,0,-0,-0.0521807238275957+0i,-0.085306342441979+0i
4.16185242595431+0i,1.5599266526358+0i,-6.08764536486446+0i,-10.0643569076571+0i,-0,0,-0.0523144579479649+0i,-0.0852243949207656+0i
4.18508827812708+0i,1.55991103116993+0i,-6.13796561777907+0i,-10.1507737587141+0i,-0,0,-0.0503202529146023+0i,-0.0864168510570158+0i
4.19245521588149+0i,1.55997237812045+0i,-6.187647883411+0i,-10.2375589676018+0i,0,-0,-0.0496822656319341+0i,-0.0867852088876782+0i
4.17846242967251+0i,1.5599859049254+0i,-6.23853961252254+0i,-10.3236405098048+0i,-0,0,-0.0508917291115422+0i,-0.0860815422029451+0i
4.18184945093747+0i,1.55992973431593+0i,-6.28913949026511+0i,-10.4098939292873+0i,-0,0,-0.0505998777425715+0i,-0.0862534194825737+0i
4.19193923110348+0i,1.55992978370112+0i,-6.33886652912809+0i,-10.4966534913305+0i,0,-0,-0.0497270388629791+0i,-0.0867595620431533+0i
4.19878042806577+0i,1.55995216476+0i,-6.38799886971127+0i,-10.5837512129357+0i,-0,0,-0.0491323405831723+0i,-0.0870977216052128+0i
4.2111241270713+0i,1.5599646736745+0i,-6.43605238651267+0i,-10.6714487586426+0i,-0,-0,-0.0480535168014048+0i,-0.0876975457069188+0i
4.21290798450045+0i,1.55999727594805+0i,-6.48394938702195+0i,-10.7592318853938+0i,-0,-0,-0.0478970005092817+0i,-0.0877831267511808+0i
4.20520998652431+0i,1.55999326070563+0i,-6.53252071602791+0i,-10.8466437038087+0i,-0,-0,-0.0485713290059564+0i,-0.0874118184148753+0i
4.18624172986736+0i,1.55995547730479+0i,-6.58274125782306+0i,-10.9331185393494+0i,0,-0,-0.0502205417951543+0i,-0.0864748355407581+0i
4.17947496245892+0i,1.55988006985021+0i,-6.63354580047804+0i,-11.0192515669615+0i,-0,-0,-0.0508045426549751+0i,-0.0861330276120538+0i
4.18467973362903+0i,1.55984699783555+0i,-6.68390135432125+0i,-11.1056478527448+0i,0,0,-0.0503555538432164+0i,-0.0863962857832612+0i
4.18763528530374+0i,1.55985315026556+0i,-6.73400133991418+0i,-11.192192589405+0i,-0,0,-0.0500999855929239+0i,-0.0865447366602315+0i
4.19882560672612+0i,1.55985212269306+0i,-6.78312974548883+0i,-11.2792925306546+0i,0,-0,-0.0491284055746497+0i,-0.0870999412496514+0i
4.17737168850031+0i,1.55987955386834+0i,-6.83411533699064+0i,-11.365318511958+0i,0,0,-0.0509855915018148+0i,-0.0860259813033834+0i
4.17610555066469+0i,1.55979645822269+0i,-6.88520980834551+0i,-11.4512798695378+0i,-0,-0,-0.0510944713548641+0i,-0.0859613575798275+0i
4.1796182647268+0i,1.55978128139202+0i,-6.93600200742068+0i,-11.5374201766717+0i,0,0,-0.0507921990751719+0i,-0.0861403071338158+0i
4.17809240328314+0i,1.55978169402427+0i,-6.98692558548971+0i,-11.6234828816991+0i,-0,-0,-0.0509235780690316+0i,-0.0860627050274813+0i
4.17447001722224+0i,1.55976560694532+0i,-7.03816058111891+0i,-11.7093605576276+0i,-0,0,-0.0512349956291994+0i,-0.0858776759284735+0i
4.20249230995805+0i,1.55974264996392+0i,-7.08696928751484+0i,-11.7966400522409+0i,-0,-0,-0.0488087063959309+0i,-0.0872794946133158+0i
4.2072853357673+0i,1.55982715660518+0i,-7.13535910199972+0i,-11.8841524848098+0i,-0,-0,-0.048389814484877+0i,-0.0875124325688595+0i
4.2140864200416+0i,1.55983365420677+0i,-7.18315262251894+0i,-11.971991994123+0i,0,-0,-0.0477935205192223+0i,-0.0878395093131711+0i
4.18509946661335+0i,1.55984793329405+0i,-7.23347190855664+0i,-12.058409408182+0i,-0,-0,-0.0503192860377013+0i,-0.0864174140590657+0i
4.16764399385683+0i,1.55973409345769+0i,-7.28529190902369+0i,-12.1439353548391+0i,-0,-0,-0.0518200004670487+0i,-0.0855259466571114+0i
4.16634306305139+0i,1.55966520408033+0i,-7.3372231289474+0i,-12.2293938149074+0i,-0,-0,-0.0519312199237142+0i,-0.0854584600682392+0i
4.17386996134498+0i,1.55964965079116+0i,-7.38850964675366+0i,-12.3152407315166+0i,-0,-0,-0.0512865178062563+0i,-0.0858469166092094+0i
4.14434648886671+0i,1.55966274246576+0i,-7.44230794551318+0i,-12.3995363010952+0i,-0,0,-0.0537982987595209+0i,-0.0842955695786044+0i
4.14545107664036+0i,1.55955873207798+0i,-7.49601309961608+0i,-12.4838912441797+0i,-0,-0,-0.0537051541028966+0i,-0.0843549430844697+0i
4.14501437648654+0i,1.55955027109467+0i,-7.54975508641345+0i,-12.5682227261723+0i,-0,-0,-0.0537419867973713+0i,-0.0843314819926175+0i
4.13989990918957+0i,1.55953719498472+0i,-7.60392767905334+0i,-12.6522782447696+0i,-0,-0,-0.0541725926398884+0i,-0.0840555185973694+0i
4.13076023995609+0i,1.55951019760343+0i,-7.65886623803603+0i,-12.7358351399783+0i,-0,-0,-0.0549385589826924+0i,-0.0835568952086256+0i
4.13960264622934+0i,1.55947182229289+0i,-7.71306381487434+0i,-12.8198745513568+0i,-0,0,-0.0541975768383143+0i,-0.0840394113785611+0i
4.133306761077+0i,1.55948546169303+0i,-7.7677894165567+0i,-12.9035710776916+0i,-0,0,-0.0547256016823585+0i,-0.083696526334752+0i
4.12357907647919+0i,1.55945511451357+0i,-7.82332658954613+0i,-12.9867312990498+0i,0,0,-0.0555371729894258+0i,-0.0831602213581866+0i
4.1352330147889+0i,1.55941544926372+0i,-7.8778908690553+0i,-13.0705330854367+0i,-0,-0,-0.0545642795091688+0i,-0.0838017863869578+0i
4.15082927922105+0i,1.55943654953881+0i,-7.9311415706621+0i,-13.1551756443441+0i,-0,0,-0.0532507016068022+0i,-0.0846425589073447+0i
4.1246946418452+0i,1.55947156619782+0i,-7.98658593845038+0i,-13.2383977692903+0i,-0,0,-0.0554443677882749+0i,-0.0832221249461855+0i
4.1149895730036+0i,1.55938218479965+0i,-8.04283535892493+0i,-13.3210778920301+0i,0,-0,-0.0562494204745524+0i,-0.0826801227398521+0i
4.12229172580139+0i,1.55934307852248+0i,-8.09847954223203+0i,-13.4041665486812+0i,-0,-0,-0.0556441833070991+0i,-0.0830886566511095+0i
4.14585403981168+0i,1.55935083084651+0i,-8.15215070004016+0i,-13.4885431261156+0i,-0,0,-0.0536711578081313+0i,-0.0843765774343488+0i
4.15775744826813+0i,1.55940784682032+0i,-8.20481371038244+0i,-13.5735525805409+0i,-0,-0,-0.0526630103422855+0i,-0.0850094544253069+0i
4.14836394855833+0i,1.55943334035389+0i,-8.25827292184876+0i,-13.6580636017712+0i,0,-0,-0.0534592114663215+0i,-0.0845110212303645+0i
4.12407591655901+0i,1.5593916286152+0i,-8.3137687706542+0i,-13.7412514059577+0i,0,-0,-0.0554958488054309+0i,-0.0831878041864596+0i
4.1177664090775+0i,1.5593069894395+0i,-8.36978838541198+0i,-13.8240874051512+0i,-0,0,-0.0560196147577881+0i,-0.082835999193521+0i
4.13361804885447+0i,1.55927679660183+0i,-8.42448793073764+0i,-13.9078009628415+0i,-0,0,-0.0546995453256571+0i,-0.0837135576902952+0i
4.11741483545708+0i,1.55930994895144+0i,-8.48053666498484+0i,-13.9906172618972+0i,-0,0,-0.0560487342472011+0i,-0.0828162990557211+0i
4.10605528794601+0i,1.55925086845704+0i,-8.5375225184772+0i,-14.0727915431642+0i,0,0,-0.0569858534923534+0i,-0.082174281267+0i
4.10546167898214+0i,1.55920726398527+0i,-8.59455714131655+0i,-14.1549319826418+0i,-0,0,-0.0570346228393502+0i,-0.0821404394775988+0i
4.09702189292505+0i,1.55919294314559+0i,-8.65228297238603+0i,-14.2365881424054+0i,-0,0,-0.0577258310694884+0i,-0.0816561597635897+0i
4.09166903925371+0i,1.55915803908407+0i,-8.71044506783439+0i,-14.317934135872+0i,0,0,-0.0581620954483576+0i,-0.0813459934665263+0i
4.08376647853038+0i,1.55913150017759+0i,-8.76924818212925+0i,-14.398817964597+0i,0,-0,-0.0588031142948574+0i,-0.0808838287250668+0i
4.05913038578786+0i,1.5590989408122+0i,-8.83002591237377+0i,-14.4782287164278+0i,0,0,-0.0607777302445164+0i,-0.079410751830749+0i
4.04149969453726+0i,1.55902939873411+0i,-8.89219419066498+0i,-14.5565556286247+0i,0,0,-0.0621682782912115+0i,-0.0783269121969358+0i
4.03134130984414+0i,1.55897992029437+0i,-8.9551549225464+0i,-14.6342469810454+0i,0,0,-0.0629607318814167+0i,-0.0776913524206933+0i
4.04339128166871+0i,1.5589471583466+0i,-9.01717492752462+0i,-14.7126913497566+0i,0,0,-0.0620200049782265+0i,-0.0784443687112132+0i
4.05851975958216+0i,1.55895634911671+0i,-9.07800113672128+0i,-14.7920649743101+0i,-0,0,-0.060826209196661+0i,-0.0793736245535255+0i
4.05947968612427+0i,1.55897398668439+0i,-9.13875112505627+0i,-14.8714969509776+0i,-0,-0,-0.0607499883349842+0i,-0.0794319766674561+0i
4.05699840103928+0i,1.55896253966748+0i,-9.19969801955605+0i,-14.9507779452375+0i,-0,0,-0.0609468944997876+0i,-0.0792809942598588+0i
4.04215899440879+0i,1.55894361994429+0i,-9.26181464341632+0i,-15.0291458279459+0i,0,-0,-0.0621166238602651+0i,-0.0783678827084307+0i
4.03843840994097+0i,1.55889934925264+0i,-9.32422241099915+0i,-15.1072820586288+0i,-0,0,-0.0624077675828343+0i,-0.0781362306828717+0i
4.02771429218869+0i,1.55887827467295+0i,-9.38746451603779+0i,-15.1847445408397+0i,0,-0,-0.0632421050386383+0i,-0.0774624822109506+0i
4.02763256558208+0i,1.5588442813439+0i,-9.45071295161103+0i,-15.2622018542293+0i,0,0,-0.063248435573237+0i,-0.0774573133896218+0i
4.00333549795796+0i,1.55883015896244+0i,-9.5158245192409+0i,-15.3380997050604+0i,-0,0,-0.0651115676298738+0i,-0.0758978508311031+0i
3.99377840944364+0i,1.55877543293291+0i,-9.58165846475146+0i,-15.4133718221989+0i,-0,-0,-0.0658339455105538+0i,-0.0752721171385091+0i
3.99547850129996+0i,1.55874709760812+0i,-9.64736434566999+0i,-15.4887557542582+0i,0,-0,-0.0657058809185353+0i,-0.0753839320592874+0i
3.99178553807294+0i,1.55873519560232+0i,-9.7133481679976+0i,-15.5638965234254+0i,-0,-0,-0.065983822327609+0i,-0.0751407691672007+0i
3.97815542892002+0i,1.55871558381208+0i,-9.78035000636092+0i,-15.6381309740258+0i,0,0,-0.0670018383633187+0i,-0.0742344506003494+0i
3.97793798508883+0i,1.55868316127296+0i,-9.84736798496347+0i,-15.7123508537348+0i,0,-0,-0.0670179786025516+0i,-0.074219879709064+0i
3.98802040821215+0i,1.55866835375364+0i,-9.91363425367692+0i,-15.7872426532245+0i,-0,0,-0.066266268713448+0i,-0.0748917994896444+0i
3.97573612874696+0i,1.55866691758582+0i,-9.980815491203+0i,-15.8613147891763+0i,0,0,-0.067181237526077+0i,-0.0740721359518195+0i
3.94477774889295+0i,1.55863649144042+0i,-10.0502573243741+0i,-15.9332719417453+0i,0,0,-0.0694418331711277+0i,-0.0719571525689648+0i
3.97116897221989+0i,1.55858989977129+0i,-10.1177761591005+0i,-16.0070364790053+0i,0,-0,-0.0675188347264031+0i,-0.0737645372600457+0i
3.93770233621911+0i,1.55860159873309+0i,-10.1877253764003+0i,-16.0785005049145+0i,0,-0,-0.0699492172997798+0i,-0.0714640259091817+0i
3.93087506430443+0i,1.55855454609211+0i,-10.2581608640292+0i,-16.1494853066856+0i,-0,-0,-0.070435487628853+0i,-0.0709848017711235+0i
3.92160913004474+0i,1.5585346863979+0i,-10.3292510590656+0i,-16.2198144199296+0i,0,-0,-0.0710901950364114+0i,-0.070329113243983+0i
3.91214037646722+0i,1.55851391431569+0i,-10.4010039863403+0i,-16.2894672549581+0i,0,-0,-0.0717529272747303+0i,-0.0696528350284988+0i
3.89823230285623+0i,1.55849403198655+0i,-10.4737186795066+0i,-16.3581154406423+0i,-0,-0,-0.0727146931662804+0i,-0.0686481856842094+0i
3.93754112476289+0i,1.55847382760534+0i,-10.543679416717+0i,-16.4295681890077+0i,0,-0,-0.0699607372104541+0i,-0.0714527483654043+0i
3.93011873466411+0i,1.55847917394608+0i,-10.6141685721046+0i,-16.500499698034+0i,-0,-0,-0.0704891553875621+0i,-0.0709315090263004+0i
3.90842663363184+0i,1.55845868553528+0i,-10.6861796766983+0i,-16.569885581434+0i,0,0,-0.0720111045936623+0i,-0.0693858834000161+0i
3.9356370266582+0i,1.55843171404004+0i,-10.7562763400448+0i,-16.6412049882437+0i,-0,0,-0.0700966633465574+0i,-0.0713194068096433+0i
3.95015399860608+0i,1.55843215933936+0i,-10.8253303118857+0i,-16.7135344357254+0i,0,-0,-0.0690539718408315+0i,-0.0723294474816838+0i
3.94942371583604+0i,1.55842909218144+0i,-10.8944370862574+0i,-16.7858134349986+0i,-0,-0,-0.0691067743717114+0i,-0.0722789992732147+0i
3.97113475864731+0i,1.55841318717066+0i,-10.9619584446926+0i,-16.8595756621549+0i,-0,-0,-0.0675213584352342+0i,-0.0737622271563205+0i
3.97511940033288+0i,1.55842093103578+0i,-11.0291853518304+0i,-16.9336063514445+0i,-0,-0,-0.0672269071377901+0i,-0.0740306892895572+0i
3.9861560527886+0i,1.55841061090338+0i,-11.0955911302307+0i,-17.008374476973+0i,-0,-0,-0.0664057784003051+0i,-0.074768125528527+0i
3.96494097142616+0i,1.5584099652862+0i,-11.163568058128+0i,-17.0817170790106+0i,-0,-0,-0.067976927897268+0i,-0.0733426020376263+0i
3.9718018540518+0i,1.55836808426954+0i,-11.2310401951+0i,-17.1555243329388+0i,-0,0,-0.0674721369720714+0i,-0.0738072539282016+0i
3.94571999371758+0i,1.55836078975034+0i,-11.3004141962005+0i,-17.2275468847633+0i,-0,-0,-0.0693740011004506+0i,-0.0720225518245132+0i
3.96424478796875+0i,1.55831793038286+0i,-11.3684421675267+0i,-17.3008421446186+0i,0,-0,-0.0680279713261693+0i,-0.0732952598552313+0i
3.9257414484499+0i,1.55832113565597+0i,-11.4392411341319+0i,-17.3714644238768+0i,-0,-0,-0.0707989666052571+0i,-0.0706222792582318+0i
3.92791520963151+0i,1.55827150388779+0i,-11.509886417618+0i,-17.4422404362057+0i,-0,-0,-0.0706452834860422+0i,-0.0707760123288727+0i
3.89643639366968+0i,1.55825727530863+0i,-11.5827242793623+0i,-17.5107579222695+0i,-0,-0,-0.0728378617443712+0i,-0.0685174860638354+0i
3.88150796920727+0i,1.5582265315688+0i,-11.656576845136+0i,-17.5781804595152+0i,-0,0,-0.0738525657737016+0i,-0.0674225372456501+0i
3.87518590803451+0i,1.55820794477468+0i,-11.7308541815936+0i,-17.6451347520495+0i,0,-0,-0.0742773364575237+0i,-0.0669542925343537+0i
3.87627434034251+0i,1.55819175125617+0i,-11.8050585988527+0i,-17.7121698507608+0i,0,-0,-0.0742044172591445+0i,-0.067035098711278+0i
3.88736197718769+0i,1.55817586360448+0i,-11.8785152093713+0i,-17.7800235637846+0i,-0,0,-0.0734566105186186+0i,-0.0678537130237983+0i
3.88005035992509+0i,1.55816097958092+0i,-11.9524659723719+0i,-17.8473383812592+0i,0,0,-0.073950763000536+0i,-0.0673148174745988+0i
3.88015700345413+0i,1.55814411707135+0i,-12.0264095562622+0i,-17.9146610847213+0i,0,0,-0.0739435838903425+0i,-0.0673227034621448+0i
3.90034832121672+0i,1.55812809703491+0i,-12.0989788259244+0i,-17.9834629822293+0i,0,0,-0.0725692696621762+0i,-0.0688018975079783+0i
3.88002630070158+0i,1.55811614998243+0i,-12.1729312084457+0i,-18.0507760204865+0i,0,0,-0.0739523825213719+0i,-0.0673130382571808+0i
3.86350685903793+0i,1.55809591630624+0i,-12.2479854239261+0i,-18.1168582778528+0i,0,0,-0.0750542154803935+0i,-0.0660822573662754+0i
3.84967020760603+0i,1.55808027493588+0i,-12.3239467828319+0i,-18.1818957436182+0i,-0,-0,-0.0759613589057883+0i,-0.0650374657654034+0i
3.84155566324411+0i,1.55806719958431+0i,-12.4004333844915+0i,-18.2463146831202+0i,-0,-0,-0.0764866016596171+0i,-0.0644189395020056+0i
3.85622135358743+0i,1.55805395637365+0i,-12.475967046482+0i,-18.311848383659+0i,-0,-0,-0.0755336619904358+0i,-0.0655337005388418+0i
3.85720758893405+0i,1.55803294675063+0i,-12.5514360400967+0i,-18.3774565462821+0i,-0,-0,-0.0754689936147579+0i,-0.0656081626230733+0i
3.8432652572324+0i,1.55801641803596+0i,-12.6278123998042+0i,-18.4420061526158+0i,0,-0,-0.0763763597074464+0i,-0.0645496063337241+0i
3.82861033162688+0i,1.55800438108265+0i,-12.7051264939221+0i,-18.5054295777104+0i,0,-0,-0.0773140941179092+0i,-0.0634234250945743+0i
3.84319567977691+0i,1.55799525240154+0i,-12.781507344642+0i,-18.5699738698151+0i,-0,-0,-0.0763808507199346+0i,-0.0645442921047173+0i
3.8485513227935+0i,1.55797164609437+0i,-12.8575414254172+0i,-18.6349263028771+0i,0,0,-0.076034080775165+0i,-0.0649524330620162+0i
3.8680659776505+0i,1.55795321974366+0i,-12.9322935850711+0i,-18.7013500533515+0i,0,-0,-0.0747521596538815+0i,-0.0664237504743643+0i
3.87819009734147+0i,1.55793263856023+0i,-13.0063694432795+0i,-18.768527186594+0i,0,-0,-0.0740758582084698+0i,-0.0671771332424857+0i
3.87564174255114+0i,1.55791589150008+0i,-13.0806162519437+0i,-18.8355153303449+0i,-0,-0,-0.0742468086641448+0i,-0.0669881437508898+0i
3.8580622295413+0i,1.55789919916483+0i,-13.1560291466036+0i,-18.9011879678662+0i,-0,0,-0.0754128946599656+0i,-0.0656726375213067+0i
3.85308958891504+0i,1.55788428336963+0i,-13.2317676739719+0i,-18.9664847937621+0i,-0,0,-0.0757385273682579+0i,-0.0652968258959626+0i
3.87523789804596+0i,1.55786881573166+0i,-13.3060415293746+0i,-19.0334429478856+0i,-0,0,-0.0742738554027056+0i,-0.0669581541234373+0i
3.86194672718845+0i,1.55784910381268+0i,-13.3811987505062+0i,-19.0994080304049+0i,-0,-0,-0.0751572211315835+0i,-0.0659650825193016+0i
3.86988988363629+0i,1.55783334628957+0i,-13.4558296352147+0i,-19.1659680112314+0i,0,0,-0.0746308847084956+0i,-0.066559980826524+0i
3.85863726414139+0i,1.55781562931352+0i,-13.5312047533697+0i,-19.2316840029162+0i,-0,0,-0.0753751181549988+0i,-0.0657159916848249+0i
3.86329802011851+0i,1.55780026870671+0i,-13.6062727677605+0i,-19.2977505846003+0i,-0,0,-0.0750680143908185+0i,-0.0660665816840849+0i
3.86820930385282+0i,1.55778253207431+0i,-13.6810154063827+0i,-19.3641850483355+0i,-0,-0,-0.0747426386222201+0i,-0.0664344637352347+0i
3.85697928304948+0i,1.55776500795398+0i,-13.7564993767601+0i,-19.4297759792335+0i,0,0,-0.0754839703773736+0i,-0.065590930898012+0i
3.85530861812484+0i,1.55774977061755+0i,-13.8320928222117+0i,-19.4952407102324+0i,-0,-0,-0.0755934454515905+0i,-0.0654647309988929+0i
3.83714092576507+0i,1.5577331368917+0i,-13.9088630702969+0i,-19.5593213548058+0i,0,-0,-0.0767702480852327+0i,-0.0640806445733173+0i
3.84252347866863+0i,1.55772283735312+0i,-13.9852872905018+0i,-19.6238142890395+0i,0,-0,-0.0764242202048448+0i,-0.06449293423377+0i
3.83600063274642+0i,1.55770327947883+0i,-14.0621305593719+0i,-19.6878073513929+0i,-0,-0,-0.0768432688700859+0i,-0.0639930623533496+0i
3.82956931111758+0i,1.55768917848584+0i,-14.1393837961846+0i,-19.7513048899433+0i,0,0,-0.0772532368127078+0i,-0.0634975385504012+0i
3.83740524828779+0i,1.55767556297912+0i,-14.2161371036305+0i,-19.8154058243835+0i,0,0,-0.0767533074459691+0i,-0.0641009344401823+0i
3.85306648305109+0i,1.55765408156471+0i,-14.2918771397181+0i,-19.8807009002579+0i,0,0,-0.0757400360876152+0i,-0.0652950758744237+0i
3.85157366824123+0i,1.55763066973058+0i,-14.3677145648327+0i,-19.9458828375718+0i,-0,-0,-0.0758374251145185+0i,-0.0651819373139507+0i
3.83316004738905+0i,1.55761376800024+0i,-14.4447393011931+0i,-20.0096573621769+0i,-0,-0,-0.077024736360437+0i,-0.0637745246050896+0i
3.82400726710103+0i,1.5576043301525+0i,-14.5223445173263+0i,-20.0727242348512+0i,0,-0,-0.0776052161332005+0i,-0.0630668726743228+0i
3.83438192909764+0i,1.55759257334893+0i,-14.5992912712823+0i,-20.1365928269419+0i,0,0,-0.0769467539559752+0i,-0.0638685920906247+0i
3.87049819730929+0i,1.55756883629512+0i,-14.6738816528384+0i,-20.2031981944381+0i,-0,0,-0.0745903815561689+0i,-0.0666053674962096+0i
3.86987837551816+0i,1.55754043777894+0i,-14.7485133035221+0i,-20.2697573163992+0i,0,0,-0.0746316506836753+0i,-0.0665591219610796+0i
3.8664801062567+0i,1.55752288336651+0i,-14.8233707086572+0i,-20.3360624360841+0i,0,0,-0.0748574051350971+0i,-0.0663051196849831+0i
3.83722281624216+0i,1.55750555749751+0i,-14.9001357088905+0i,-20.4001493671948+0i,-0,-0,-0.0767650002332698+0i,-0.0640869311106882+0i
3.8363234345964+0i,1.55749698154813+0i,-14.9769583166784+0i,-20.464167231363+0i,0,0,-0.076822607787957+0i,-0.0640178641681971+0i
3.85448818792001+0i,1.55747975830573+0i,-15.0526054459255+0i,-20.5295699211906+0i,-0,-0,-0.0756471292470385+0i,-0.065402689827574+0i
3.82877898341524+0i,1.55745476291107+0i,-15.1299088424698+0i,-20.5930063845434+0i,-0,-0,-0.0773033965443547+0i,-0.0634364633527615+0i
3.83165479386238+0i,1.55744855287879+0i,-15.2070294883612+0i,-20.6566648951864+0i,-0,-0,-0.0771206458914065+0i,-0.0636585106430577+0i
3.83938641520386+0i,1.55742900789748+0i,-15.2836556506105+0i,-20.7209177648418+0i,-0,0,-0.0766261622492686+0i,-0.0642528696553606+0i
3.84330987923604+0i,1.55740700153412+0i,-15.3600291299092+0i,-20.7854707791774+0i,0,0,-0.0763734792986412+0i,-0.0645530143356608+0i
3.83682832682933+0i,1.55738727057735+0i,-15.4368194057844+0i,-20.8495274223224+0i,-0,-0,-0.076790275875281+0i,-0.0640566431449404+0i
3.84011080774446+0i,1.55737238146797+0i,-15.5133990036337+0i,-20.9138357825351+0i,-0,-0,-0.0765795978492692+0i,-0.0643083602126831+0i
3.85718651290434+0i,1.5573527198448+0i,-15.5888693799913+0i,-20.9794423545568+0i,-0,-0,-0.0754703763575812+0i,-0.0656065720217499+0i
3.85168546399845+0i,1.55732842090444+0i,-15.6646995175679+0i,-21.0446327697658+0i,0,0,-0.0758301375765749+0i,-0.0651904152089686+0i
3.85934480331242+0i,1.55731184222793+0i,-15.7400281202216+0i,-21.1104020758457+0i,0,-0,-0.075328602653767+0i,-0.0657693060798948+0i
3.84848640209403+0i,1.55729155229109+0i,-15.8160664175939+0i,-21.1753495725851+0i,-0,0,-0.0760382973723181+0i,-0.0649474967394351+0i
3.83013006348685+0i,1.55727650319007+0i,-15.8932840358675+0i,-21.2388904210856+0i,-0,-0,-0.0772176182735109+0i,-0.0635408485005226+0i
3.83588642034168+0i,1.55726729929526+0i,-15.9701346130379+0i,-21.3028747065671+0i,-0,0,-0.0768505771704177+0i,-0.0639842854814655+0i
3.84535816855644+0i,1.55724565724904+0i,-16.0463757089671+0i,-21.3675840203597+0i,-0,-0,-0.0762410959292395+0i,-0.0647093137925948+0i
3.87297121503525+0i,1.55722275249465+0i,-16.1208011463463+0i,-21.4343736473306+0i,0,0,-0.074425437379169+0i,-0.0667896269709556+0i
3.88490704016806+0i,1.55719802037518+0i,-16.1944241119387+0i,-21.5020468247157+0i,-0,0,-0.0736229655923768+0i,-0.067673177385015+0i
3.88685453776278+0i,1.55718000304944+0i,-16.2679151446476+0i,-21.5698632542249+0i,0,0,-0.0734910327089097+0i,-0.0678164295092123+0i
3.89373733119502+0i,1.55716170535388+0i,-16.3409376738334+0i,-21.6381838970154+0i,0,-0,-0.0730225291858248+0i,-0.0683206427904873+0i
3.87410504442831+0i,1.55714445454399+0i,-16.4152873353471+0i,-21.7050578667854+0i,-0,0,-0.0743496615136678+0i,-0.0668739697700311+0i
3.90759593113932+0i,1.55712361511214+0i,-16.4873560541142+0i,-21.7743839064478+0i,0,-0,-0.0720687187670901+0i,-0.0693260396623814+0i
3.88730089322052+0i,1.55711181116191+0i,-16.5608168092697+0i,-21.8422331323238+0i,-0,0,-0.0734607551555525+0i,-0.0678492258760258+0i
3.90048008085854+0i,1.55708702483068+0i,-16.6333770129886+0i,-21.9110445909355+0i,-0,0,-0.0725602037189074+0i,-0.068811458611707+0i
3.89827555993729+0i,1.55707149884642+0i,-16.7060887365667+0i,-21.9796959219809+0i,-0,0,-0.0727117235781175+0i,-0.0686513310453587+0i
3.89919724642444+0i,1.5570519273683+0i,-16.7787371542651+0i,-22.04841424127+0i,0,-0,-0.0726484176984069+0i,-0.0687183192890935+0i
3.89225079046262+0i,1.55703331303893+0i,-16.8518611641492+0i,-22.1166262576488+0i,0,0,-0.0731240098840916+0i,-0.0682120163788704+0i
3.89375758760947+0i,1.5570124266081+0i,-16.9248823093888+0i,-22.1849483795999+0i,-0,0,-0.073021145239588+0i,-0.0683221219510855+0i
3.88242616332569+0i,1.55699376796017+0i,-16.9986729370622+0i,-22.2524386994062+0i,0,-0,-0.073790627673428+0i,-0.0674903198063361+0i
3.88061610754551+0i,1.55697273502219+0i,-17.0725856050323+0i,-22.3197953435741+0i,0,-0,-0.0739126679700387+0i,-0.0673566441678237+0i
3.90240010372942+0i,1.55695345105279+0i,-17.1450135555119+0i,-22.3887459925146+0i,-0,0,-0.0724279504796576+0i,-0.0689506489405014+0i
3.91376502979677+0i,1.55693908342423+0i,-17.2166532264303+0i,-22.4585153091997+0i,0,-0,-0.0716396709183215+0i,-0.0697693166851633+0i
3.91617489621137+0i,1.55692501768196+0i,-17.2881245547562+0i,-22.5284570651637+0i,-0,0,-0.0714713283259886+0i,-0.0699417559639357+0i
3.92628936296517+0i,1.55690710418138+0i,-17.3588848157642+0i,-22.5991181256007+0i,-0,0,-0.0707602610079961+0i,-0.0706610604369922+0i
3.93185530547234+0i,1.55689428719201+0i,-17.4292506873395+0i,-22.6701719370217+0i,-0,-0,-0.0703658715752368+0i,-0.071053811421044+0i
3.923120723502+0i,1.55687916402017+0i,-17.5002344921714+0i,-22.7406084293505+0i,0,-0,-0.0709838048319586+0i,-0.0704364923287525+0i
3.89755407970467+0i,1.55685344422935+0i,-17.5729957273991+0i,-22.8092072824615+0i,0,0,-0.0727612352276618+0i,-0.0685988531110023+0i
3.91102903349962+0i,1.55682142895209+0i,-17.6448260185359+0i,-22.8787803323817+0i,-0,-0,-0.0718302911367658+0i,-0.0695730499202634+0i
3.89615484022167+0i,1.55680738832456+0i,-17.7176831687274+0i,-22.9472773079789+0i,-0,0,-0.0728571501915524+0i,-0.0684969755972158+0i
3.89042637625641+0i,1.55678186472111+0i,-17.7909315038181+0i,-23.015355802428+0i,-0,0,-0.0732483350906394+0i,-0.0680784944490506+0i
3.89184829250016+0i,1.55676073854353+0i,-17.8640829629758+0i,-23.0835383810173+0i,0,-0,-0.073151459157745+0i,-0.0681825785893491+0i
3.90099987645301+0i,1.55674133673177+0i,-17.9366073890009+0i,-23.1523875468056+0i,0,0,-0.0725244260250537+0i,-0.0688491657882397+0i
3.91270999816271+0i,1.5567243196317+0i,-18.008320628871+0i,-23.2220812425559+0i,-0,0,-0.0717132398700962+0i,-0.0696936957502904+0i
3.92633245861102+0i,1.5567097736714+0i,-18.0790778446292+0i,-23.2927453523864+0i,-0,0,-0.0707572157582522+0i,-0.0706641098305225+0i
3.9306781420023+0i,1.55669852577628+0i,-18.1495273093829+0i,-23.3637162824629+0i,0,0,-0.070449464753656+0i,-0.0709709300764995+0i
3.91704650511819+0i,1.55668197911166+0i,-18.2209376487107+0i,-23.4337203068978+0i,-0,0,-0.0714103393277942+0i,-0.0700040244349515+0i
3.89913068455403+0i,1.55665259593105+0i,-18.293590640268+0i,-23.5024337904202+0i,0,0,-0.0726529915573331+0i,-0.0687134835223051+0i
3.90324068767077+0i,1.55662410584813+0i,-18.3659606063581+0i,-23.5714452967659+0i,0,0,-0.0723699660901193+0i,-0.0690115063457898+0i
3.88321586872166+0i,1.55660555219752+0i,-18.4396979135582+0i,-23.6389938683784+0i,-0,-0,-0.073737307200047+0i,-0.0675485716124767+0i
3.89763042146845+0i,1.55658010820852+0i,-18.5124539116164+0i,-23.7075982760105+0i,-0,-0,-0.0727559980581983+0i,-0.0686044076321299+0i
3.90591621661656+0i,1.55656311036729+0i,-18.5846389766155+0i,-23.7768031630567+0i,-0,-0,-0.0721850649991672+0i,-0.0692048870461184+0i
3.93289413855198+0i,1.55654604852774+0i,-18.6549309971858+0i,-23.8479300345199+0i,-0,0,-0.070292020570262+0i,-0.0711268714632513+0i
3.93406530096465+0i,1.55654304919207+0i,-18.7251396684497+0i,-23.9191391805572+0i,0,0,-0.0702086712639023+0i,-0.0712091460372704+0i
3.92597514030972+0i,1.55652376420644+0i,-18.7959221292701+0i,-23.989778003029+0i,-0,0,-0.07078246082039+0i,-0.070638822471853+0i
3.91887056749412+0i,1.55649697549416+0i,-18.8672046581632+0i,-24.0599121678462+0i,-0,-0,-0.0712825288931337+0i,-0.0701341648171528+0i
3.91101129293028+0i,1.55647163967957+0i,-18.9390361835542+0i,-24.1294839434452+0i,-0,0,-0.0718315253909786+0i,-0.0695717755990545+0i
3.89949114825104+0i,1.5564465276106+0i,-19.0116644016757+0i,-24.1982236112688+0i,0,-0,-0.0726282181215151+0i,-0.0687396678235618+0i
3.89621380179566+0i,1.55642077887808+0i,-19.0845175130511+0i,-24.2667248825192+0i,0,-0,-0.0728531113754172+0i,-0.0685012712504013+0i
3.9097449590542+0i,1.55639897632006+0i,-19.1564370819203+0i,-24.3362056396659+0i,-0,0,-0.0719195688691294+0i,-0.0694807571466989+0i
3.86726329087587+0i,1.55638386773309+0i,-19.2312425349528+0i,-24.4025693661782+0i,0,-0,-0.0748054530325498+0i,-0.0663637265122671+0i
3.84596091174152+0i,1.55635424499629+0i,-19.3074446139373+0i,-24.4673246220146+0i,0,0,-0.076202078984532+0i,-0.064755255836381+0i
3.8556797945505+0i,1.55633878674944+0i,-19.3830137552173+0i,-24.5328174070081+0i,-0,-0,-0.0755691412799615+0i,-0.0654927849935336+0i
3.8556842567646+0i,1.55631456540974+0i,-19.4585826042537+0i,-24.5983105292067+0i,-0,-0,-0.0755688490363804+0i,-0.0654931221985694+0i
3.87082977639179+0i,1.55629356815699+0i,-19.5331508967632+0i,-24.6649406256512+0i,0,-0,-0.0745682925095215+0i,-0.066630096444583+0i
3.88677209353184+0i,1.55627008168005+0i,-19.6066475202957+0i,-24.7327509960183+0i,0,-0,-0.0734966235325181+0i,-0.0678103703670708+0i
3.88422702702343+0i,1.55625000798744+0i,-19.6803164875124+0i,-24.8003740931762+0i,-0,-0,-0.0736689672167035+0i,-0.0676230971578814+0i
3.88670569813906+0i,1.55622840080799+0i,-19.7538176131791+0i,-24.8681795835566+0i,-0,-0,-0.0735011256666905+0i,-0.0678054903804211+0i
3.87803061231683+0i,1.55620755716454+0i,-19.8279041841922+0i,-24.9353449019547+0i,-0,-0,-0.074086571013097+0i,-0.0671653183981237+0i
3.8794556063215+0i,1.55618520615292+0i,-19.9018949698413+0i,-25.0026157250435+0i,0,-0,-0.0739907856490742+0i,-0.0672708230887118+0i
3.88249226336663+0i,1.55616392114211+0i,-19.9756811362406+0i,-25.0701109222659+0i,0,-0,-0.0737861663993253+0i,-0.067495197222403+0i
3.89592039822167+0i,1.55614278200699+0i,-20.0485543429977+0i,-25.1385908152048+0i,0,-0,-0.0728732067571327+0i,-0.0684798929389656+0i
3.90237020909139+0i,1.55612425291433+0i,-20.1209843546997+0i,-25.2075392989072+0i,0,0,-0.072430011701985+0i,-0.0689484837023289+0i
3.90297619788505+0i,1.55610508375489+0i,-20.1933725710968+0i,-25.2765316617225+0i,-0,0,-0.0723882163971173+0i,-0.0689923628153444+0i
3.90151977123822+0i,1.55608374119299+0i,-20.2658611929999+0i,-25.3454185232753+0i,-0,0,-0.0724886219030726+0i,-0.0688868615527909+0i
3.89268789215138+0i,1.55606147297669+0i,-20.3389553803119+0i,-25.4136624957651+0i,0,-0,-0.0730941873120291+0i,-0.0682439724898397+0i
3.86461349441694+0i,1.5560367226093+0i,-20.4139364208861+0i,-25.4798277703011+0i,0,-0,-0.0749810405741306+0i,-0.0661652745359722+0i
3.87620559939779+0i,1.55601297204733+0i,-20.4881454460259+0i,-25.5468577679723+0i,0,0,-0.0742090251398356+0i,-0.0670299976711566+0i
3.86399255085868+0i,1.55599046536986+0i,-20.5631675570432+0i,-25.6129764707614+0i,-0,0,-0.0750221110172405+0i,-0.0661187027891265+0i
3.85082294728713+0i,1.55596922162479+0i,-20.6390538942289+0i,-25.6781014569689+0i,-0,-0,-0.0758863371857915+0i,-0.0651249862074792+0i
3.85837635981781+0i,1.55595046971524+0i,-20.7144461554047+0i,-25.743797780723+0i,-0,0,-0.0753922611757311+0i,-0.065696323754152+0i
3.87048658132507+0i,1.55592621277498+0i,-20.7890373106427+0i,-25.810402281774+0i,-0,-0,-0.0745911552380345+0i,-0.0666045010510208+0i
3.86350336663117+0i,1.55590232444297+0i,-20.8640917569088+0i,-25.8764842770201+0i,0,0,-0.0750544462660579+0i,-0.0660819952460232+0i
3.86893335344699+0i,1.55588084951448+0i,-20.9387862740969+0i,-25.9429728407137+0i,0,0,-0.0746945171880851+0i,-0.0664885636936072+0i
3.86104186535327+0i,1.55585792855622+0i,-21.0140031537375+0i,-26.0088698893359+0i,-0,-0,-0.0752168796406417+0i,-0.0658970486222655+0i
3.897853705737+0i,1.55583666105328+0i,-21.0867438316972+0i,-26.0774905405276+0i,-0,0,-0.0727406779596915+0i,-0.068620651191638+0i
3.9110425079542+0i,1.5558171990781+0i,-21.1585731853685+0i,-26.1470645583155+0i,0,0,-0.071829353671344+0i,-0.0695740177879428+0i
3.89645004437068+0i,1.55580077416567+0i,-21.2314101117944+0i,-26.2155830386608+0i,-0,0,-0.072836926425869+0i,-0.0685184803453239+0i
3.93014444486456+0i,1.55577173962325+0i,-21.3018974434954+0i,-26.286516359954+0i,0,0,-0.0704873317009496+0i,-0.0709333212931716+0i
3.89427076631501+0i,1.55576915529033+0i,-21.3748835176632+0i,-26.3548759458038+0i,-0,0,-0.0729860741678782+0i,-0.0683595858498352+0i
3.87822544203883+0i,1.55572581698707+0i,-21.44895700147+0i,-26.4220556971932+0i,0,-0,-0.0740734838067569+0i,-0.0671797513893147+0i
3.8775448654521+0i,1.55570007160365+0i,-21.5230761890843+0i,-26.4891850203493+0i,0,0,-0.0741191876142809+0i,-0.0671293231561218+0i
3.84596911487128+0i,1.55567720562823+0i,-21.5992777368705+0i,-26.553940901279+0i,-0,-0,-0.0762015477862014+0i,-0.0647558809297446+0i
3.83325898034987+0i,1.55566013229561+0i,-21.6762961634514+0i,-26.6177230458572+0i,0,0,-0.0770184265809542+0i,-0.0637821445781982+0i
3.82027579330706+0i,1.55564384555831+0i,-21.7541361711383+0i,-26.6804998983055+0i,0,0,-0.0778400076868505+0i,-0.0627768524482636+0i
3.82360985211335+0i,1.55563023768345+0i,-21.8317664448628+0i,-26.7435359245242+0i,-0,-0,-0.0776302737245357+0i,-0.0630360262187717+0i
3.81645624954365+0i,1.55560461358492+0i,-21.909845663102+0i,-26.806015006457+0i,0,0,-0.0780792182391667+0i,-0.0624790819327603+0i
3.79040564974943+0i,1.55558747887569+0i,-21.9895258227156+0i,-26.8664391089655+0i,0,-0,-0.0796801596135846+0i,-0.0604241025084666+0i
3.80008366389103+0i,1.55559263436948+0i,-22.068617474589+0i,-26.9276315153892+0i,0,-0,-0.0790916518734318+0i,-0.0611924064237702+0i
3.81307696957637+0i,1.55555790624471+0i,-22.1469073809226+0i,-26.9898463895455+0i,-0,0,-0.0782899063335894+0i,-0.0622148741562482+0i
3.82333792365891+0i,1.55552122688138+0i,-22.2245547930659+0i,-27.0528613035536+0i,0,0,-0.0776474121433192+0i,-0.0630149140080785+0i
3.82349089835873+0i,1.55548904667512+0i,-22.3021925646132+0i,-27.1158880949139+0i,-0,0,-0.0776377715472789+0i,-0.0630267913602821+0i
3.8224480103271+0i,1.55546551981176+0i,-22.3798960238149+0i,-27.1788338845116+0i,0,-0,-0.0777034592017297+0i,-0.0629457895977573+0i
3.83585087501312+0i,1.55544287474997+0i,-22.4567488752792+0i,-27.2428154382736+0i,-0,-0,-0.0768528514643186+0i,-0.0639815537620288+0i
3.84096590689656+0i,1.55540986793518+0i,-22.5332734551136+0i,-27.3071892581166+0i,0,0,-0.0765245798343885+0i,-0.0643738198429323+0i
3.81886489530492+0i,1.55538330427473+0i,-22.6112019570313+0i,-27.3698562238071+0i,0,0,-0.0779285019177266+0i,-0.0626669656905366+0i
3.80766007757758+0i,1.55537496456533+0i,-22.6898277243543+0i,-27.4316460992956+0i,-0,0,-0.0786257673229272+0i,-0.0617898754884724+0i
3.81795249785006+0i,1.55536196465244+0i,-22.7678133710075+0i,-27.494241937145+0i,0,0,-0.0779856466532602+0i,-0.0625958378494357+0i
3.77848015793709+0i,1.55532823990045+0i,-22.8482084347973+0i,-27.5537115404582+0i,-0,-0,-0.0803950637898172+0i,-0.0594696033132157+0i
3.7793550648597+0i,1.55535167414356+0i,-22.9285514374565+0i,-27.6132514591995+0i,-0,-0,-0.0803430026591451+0i,-0.0595399187412328+0i
3.77509358064865+0i,1.55532669358977+0i,-23.009147438248+0i,-27.6724484579107+0i,0,-0,-0.0805960007915173+0i,-0.0591969987111995+0i
3.77053842314967+0i,1.5553094864976+0i,-23.0900122535993+0i,-27.7312777162623+0i,-0,0,-0.0808648153512984+0i,-0.0588292583516095+0i
3.77444538134374+0i,1.55529303318402+0i,-23.1706466089099+0i,-27.7904224602693+0i,-0,-0,-0.080634355310546+0i,-0.059144744006992+0i
3.79324143580192+0i,1.555262908129+0i,-23.2501550985449+0i,-27.8510722754046+0i,-0,-0,-0.0795084896350544+0i,-0.0606498151353526+0i
3.78794284154778+0i,1.55521182462799+0i,-23.3299838293364+0i,-27.911299957912+0i,-0,0,-0.0798287307915206+0i,-0.0602276825074228+0i
3.77280107173451+0i,1.5551947872984+0i,-23.4107153278663+0i,-27.9703120341771+0i,0,0,-0.0807314985299186+0i,-0.0590120762650642+0i
3.75770819241414+0i,1.55519344216086+0i,-23.4923282597859+0i,-28.0280989647367+0i,0,0,-0.0816129319195309+0i,-0.0577869305595825+0i
3.77532207678917+0i,1.55519574826784+0i,-23.5729107321878+0i,-28.0873143777775+0i,0,0,-0.0805824724019209+0i,-0.0592154130408094+0i
3.76817150388626+0i,1.55514112960517+0i,-23.6539145649993+0i,-28.1459520710289+0i,0,-0,-0.0810038328114819+0i,-0.0586376932514359+0i
3.79242337349291+0i,1.55512870399012+0i,-23.733472643352+0i,-28.2065368229787+0i,0,0,-0.0795580783527606+0i,-0.060584751949777+0i
3.80965262126776+0i,1.55506730603745+0i,-23.8119751356488+0i,-28.2684832409801+0i,-0,0,-0.0785024922967219+0i,-0.0619464180013915+0i
3.81880116221404+0i,1.55502192121376+0i,-23.8899076313676+0i,-28.3311452399191+0i,0,-0,-0.0779324957188747+0i,-0.0626619989389708+0i
3.82822633502743+0i,1.55498795825263+0i,-23.9672460741644+0i,-28.3945389719892+0i,0,0,-0.0773384427967597+0i,-0.063393732070074+0i
3.86948490831151+0i,1.55495494640311+0i,-24.0419039079021+0i,-28.4610687236916+0i,0,0,-0.0746578337376913+0i,-0.0665297517024921+0i
3.86022898647742+0i,1.5549111286082+0i,-24.117174329005+0i,-28.5269046083366+0i,-0,-0,-0.0752704211029437+0i,-0.065835884644968+0i
3.85051023652468+0i,1.55488770117366+0i,-24.1930810277642+0i,-28.5920058608859+0i,-0,0,-0.0759066987591636+0i,-0.0651012525492835+0i
3.86110134015834+0i,1.5548657809565+0i,-24.2682939880577+0i,-28.6579073829009+0i,-0,0,-0.0752129602934923+0i,-0.0659015220149698+0i
3.88330245356884+0i,1.55483671111492+0i,-24.3420254462986+0i,-28.7254623387936+0i,0,-0,-0.0737314582409025+0i,-0.0675549558927401+0i
3.91430235838042+0i,1.55480934105574+0i,-24.4136276178286+0i,-28.7952701394479+0i,-0,-0,-0.0716021715300343+0i,-0.0698078006542503+0i
3.91829608871605+0i,1.55479440681773+0i,-24.4849504255463+0i,-28.8653633423941+0i,-0,-0,-0.0713228077176839+0i,-0.070093202946265+0i
3.90010266560221+0i,1.55477129944963+0i,-24.5575365945911+0i,-28.9341474107778+0i,0,-0,-0.0725861690447605+0i,-0.0687840683836414+0i
3.89370606844864+0i,1.55473625171945+0i,-24.6305612596321+0i,-29.0024657706501+0i,0,0,-0.073024665041068+0i,-0.0683183598722907+0i
3.88193247014446+0i,1.5547083981796+0i,-24.7043851978223+0i,-29.0699196523033+0i,0,0,-0.073823938190158+0i,-0.0674538816532876+0i
3.88930532446559+0i,1.55468046143771+0i,-24.7777098063874+0i,-29.1379159888133+0i,-0,-0,-0.0733246085650937+0i,-0.0679963365099605+0i
3.87378082380932+0i,1.55465545088996+0i,-24.8520811459128+0i,-29.2047658493756+0i,0,0,-0.0743713395253797+0i,-0.0668498605623131+0i
3.8770500063895+0i,1.55462826427542+0i,-24.9262335440043+0i,-29.271858485762+0i,0,0,-0.0741523980914989+0i,-0.0670926363864163+0i
3.88322402206903+0i,1.55460198500996+0i,-24.9999703004549+0i,-29.3394076585781+0i,0,0,-0.0737367564506275+0i,-0.0675491728161112+0i
3.84095607171877+0i,1.55457601021856+0i,-25.0764955134136+0i,-29.4037807257851+0i,-0,-0,-0.0765252129586505+0i,-0.0643730672069709+0i
3.85028116504141+0i,1.5545600844059+0i,-25.1524171230215+0i,-29.4688645885664+0i,0,-0,-0.0759216096079632+0i,-0.0650838627813073+0i
3.85578641984545+0i,1.55452888921521+0i,-25.2279792806844+0i,-29.5343654307696+0i,0,-0,-0.0755621576628866+0i,-0.0655008422032043+0i
3.8617399390341+0i,1.55450021295399+0i,-25.3031501410066+0i,-29.6003149702556+0i,0,-0,-0.0751708603222404+0i,-0.0659495394859905+0i
3.84811032586261+0i,1.55447181009221+0i,-25.379212858211+0i,-29.6652338662065+0i,0,0,-0.0760627172043819+0i,-0.0649188959509189+0i
3.85025842868689+0i,1.55445014869985+0i,-25.4551359475691+0i,-29.7303160027904+0i,0,0,-0.075923089358117+0i,-0.0650821365838537+0i
3.84092831652453+0i,1.55442240903369+0i,-25.5316629471853+0i,-29.7946869460004+0i,0,0,-0.0765269996161589+0i,-0.0643709432100262+0i
3.82786878188311+0i,1.55440047434233+0i,-25.6090240516662+0i,-29.8580530214154+0i,-0,-0,-0.0773611044808712+0i,-0.063366075415002+0i
3.84585452196274+0i,1.5543828800268+0i,-25.6852330195168+0i,-29.922800169763+0i,-0,-0,-0.0762089678506042+0i,-0.0647471483475958+0i
3.85296682986661+0i,1.55434384410123+0i,-25.7609795620905+0i,-29.9880876975774+0i,0,0,-0.0757465425737682+0i,-0.0652875278144327+0i
3.85891896815737+0i,1.55431342961507+0i,-25.8363361647962+0i,-30.053824920128+0i,-0,-0,-0.0753566027056944+0i,-0.0657372225505165+0i
3.86031194028055+0i,1.55428408321981+0i,-25.9116011243032+0i,-30.1196670485141+0i,0,0,-0.0752649595069557+0i,-0.0658421283861353+0i
3.86122732433333+0i,1.55425636184375+0i,-25.9868057814509+0i,-30.1855780456488+0i,0,-0,-0.0752046571477422+0i,-0.0659109971347009+0i
3.84291966749272+0i,1.55422870773497+0i,-26.0632044442787+0i,-30.2501012532421+0i,0,-0,-0.0763986628277509+0i,-0.0645232075933275+0i
3.83491722557701+0i,1.55420906894827+0i,-26.1401169985796+0i,-30.3140110255067+0i,0,0,-0.0769125543008695+0i,-0.0639097722646217+0i
3.82989117852132+0i,1.55418674448905+0i,-26.2173497936031+0i,-30.3775334260663+0i,0,0,-0.0772327950235187+0i,-0.0635224005596069+0i
3.79564064239002+0i,1.55416298726418+0i,-26.2967125431087+0i,-30.4383738237549+0i,-0,-0,-0.0793627495056472+0i,-0.0608403976885745+0i
3.81240369459038+0i,1.5541727600376+0i,-26.3750443194133+0i,-30.5005359731786+0i,-0,0,-0.078331776304575+0i,-0.0621621494236647+0i
3.79951396351053+0i,1.55412442755449+0i,-26.4541708197871+0i,-30.5616833111304+0i,0,-0,-0.0791265003738343+0i,-0.0611473379517833+0i
3.78815260300729+0i,1.55411236316199+0i,-26.5339869153759+0i,-30.6219277373037+0i,-0,0,-0.0798160955888011+0i,-0.0602444261733762+0i
3.79543299834994+0i,1.55410081748438+0i,-26.6133622963166+0i,-30.6827516544789+0i,0,0,-0.0793753809406284+0i,-0.0608239171751551+0i
3.7834716354458+0i,1.55406248258718+0i,-26.6934595186383+0i,-30.742621805442+0i,-0,0,-0.0800972223217445+0i,-0.059870150963072+0i
3.80785409736952+0i,1.55405264287513+0i,-26.7720732960226+0i,-30.8044269347224+0i,0,-0,-0.0786137773843351+0i,-0.061805129280394+0i
3.81068633235322+0i,1.55399052276367+0i,-26.8505117116895+0i,-30.8664544685091+0i,0,0,-0.0784384156668801+0i,-0.0620275337867768+0i
3.83239218220514+0i,1.55395902995897+0i,-26.9275853955747+0i,-30.9301698297054+0i,-0,-0,-0.0770736838851456+0i,-0.0637153611962818+0i
3.83564992583335+0i,1.5539095650102+0i,-27.004451102528+0i,-30.9941359386583+0i,-0,-0,-0.0768657069532995+0i,-0.0639661089528626+0i
3.82778541247236+0i,1.5538785613942+0i,-27.0818174895324+0i,-31.0574955643034+0i,-0,0,-0.0773663870043861+0i,-0.0633596256451028+0i
3.8418566010484+0i,1.55385631005747+0i,-27.1582847016346+0i,-31.121937518598+0i,0,-0,-0.0764672121022512+0i,-0.0644419542946156+0i
3.8657410835294+0i,1.55381695672271+0i,-27.2331910873138+0i,-31.1881872988579+0i,-0,-0,-0.074906385679164+0i,-0.0662497802598948+0i
3.88494166855952+0i,1.55377767617798+0i,-27.3068117094487+0i,-31.2558630256472+0i,-0,0,-0.073620622134958+0i,-0.067675726789313+0i
3.88363984939255+0i,1.55374733965272+0i,-27.3805203707334+0i,-31.3234428543805+0i,-0,-0,-0.0737086612847007+0i,-0.0675798287332637+0i
3.89990256174217+0i,1.55371811266196+0i,-27.4531203022825+0i,-31.3922123966145+0i,-0,0,-0.0725999315490299+0i,-0.0687695422340165+0i
3.90212654730336+0i,1.55369236642666+0i,-27.525567111945+0i,-31.4611432298441+0i,0,0,-0.0724468096625162+0i,-0.0689308332295726+0i
3.90271433048391+0i,1.55366390371177+0i,-27.5979733927106+0i,-31.53011663418+0i,-0,0,-0.0724062807656655+0i,-0.0689734043359005+0i
3.8931980469119+0i,1.55363474994219+0i,-27.6710327555251+0i,-31.5983978871353+0i,0,0,-0.0730593628144279+0i,-0.0682812529553302+0i
3.87890204421984+0i,1.55360218438106+0i,-27.7450607684139+0i,-31.6656277414244+0i,-0,0,-0.0740280128888463+0i,-0.0672298542890642+0i
3.8709085653038+0i,1.55357088343948+0i,-27.8196238109792+0i,-31.7322637128168+0i,0,0,-0.0745630425652729+0i,-0.0666359713924041+0i
3.85756292745933+0i,1.55354175766291+0i,-27.8950694867221+0i,-31.7978986883381+0i,0,-0,-0.0754456757429321+0i,-0.0656349755213815+0i
3.8518370683506+0i,1.55351541316545+0i,-27.9708897402766+0i,-31.8631005989768+0i,-0,0,-0.0758202535545136+0i,-0.0652019106386406+0i
3.8409315640847+0i,1.55348796006768+0i,-28.0474165308439+0i,-31.9274717907125+0i,0,-0,-0.0765267905672439+0i,-0.0643711917357228+0i
3.83504879691923+0i,1.553464233451+0i,-28.1243206757845+0i,-31.9913916819119+0i,-0,-0,-0.0769041449406582+0i,-0.0639198911994243+0i
3.87142079026972+0i,1.55343843695967+0i,-28.1988495759614+0i,-32.0580658376128+0i,-0,0,-0.0745289001768726+0i,-0.0666741557008843+0i
3.85846309142735+0i,1.55339162257133+0i,-28.2742361389057+0i,-32.123768700012+0i,-0,0,-0.0753865629442736+0i,-0.0657028623992066+0i
3.86370222887363+0i,1.55336457938869+0i,-28.349277442474+0i,-32.1898656194468+0i,0,-0,-0.0750413035683249+0i,-0.0660969194347702+0i
3.83814892802074+0i,1.55333245611872+0i,-28.425983058134+0i,-32.2540236160351+0i,0,-0,-0.076705615659983+0i,-0.0641579965882895+0i
3.84467454100606+0i,1.55331477124731+0i,-28.5022683733139+0i,-32.3186807941973+0i,0,-0,-0.0762853151799598+0i,-0.064657178162167+0i
3.83375118090116+0i,1.55327981666297+0i,-28.5792553969602+0i,-32.38250083956+0i,-0,0,-0.0769870236462029+0i,-0.063820045362715+0i
3.85598285550308+0i,1.55325691636526+0i,-28.6548046864643+0i,-32.4480165236015+0i,-0,-0,-0.0755492895040988+0i,-0.0655156840415016+0i
3.84369084283215+0i,1.55321244981342+0i,-28.7311535678728+0i,-32.5125986287674+0i,-0,-0,-0.0763488814085891+0i,-0.0645821051658832+0i
3.83683962522264+0i,1.55318801534831+0i,-28.8079431200061+0i,-32.5766561395149+0i,-0,0,-0.0767895521332311+0i,-0.0640575107475914+0i
3.85220676112683+0i,1.553161807692+0i,-28.8837392637045+0i,-32.6418860758973+0i,0,-0,-0.0757961436984221+0i,-0.0652299363823709+0i
3.84778867094041+0i,1.55312103858734+0i,-28.9598228584561+0i,-32.706780502543+0i,0,0,-0.0760835947516519+0i,-0.0648944266456405+0i
3.88262635298011+0i,1.55309212364741+0i,-29.0335999737873+0i,-32.7742855931171+0i,0,0,-0.0737771153311066+0i,-0.0675050905741233+0i
3.87264164565705+0i,1.55305153433936+0i,-29.10804741894+0i,-32.8410506881162+0i,-0,-0,-0.0744474451527058+0i,-0.0667650949990702+0i
3.84472338439211+0i,1.55302041847636+0i,-29.1843295759534+0i,-32.9057115922343+0i,0,-0,-0.0762821570134513+0i,-0.064660904118139+0i
3.86563288814213+0i,1.552999445475+0i,-29.2592431291148+0i,-32.971953267581+0i,-0,-0,-0.0749135531613454+0i,-0.0662416753467353+0i
3.85852867006324+0i,1.5529584023926+0i,-29.3346253831928+0i,-33.0376610735869+0i,-0,-0,-0.0753822540780846+0i,-0.0657078060058856+0i
3.88831812951245+0i,1.55292883692321+0i,-29.4080170816579+0i,-33.1055849912921+0i,0,-0,-0.0733916984650375+0i,-0.0679239177051576+0i
3.88303352537548+0i,1.5528932450916+0i,-29.4817667046646+0i,-33.1731201162743+0i,-0,-0,-0.0737496230067069+0i,-0.0675351249822536+0i
3.88284659365297+0i,1.55286061085628+0i,-29.5555289508399+0i,-33.2406414539326+0i,0,-0,-0.0737622461753428+0i,-0.0675213376583145+0i
3.87356704670831+0i,1.55282837321006+0i,-29.6299145796352+0i,-33.3074754140782+0i,-0,-0,-0.0743856287952556+0i,-0.0668339601455311+0i
3.87866652398569+0i,1.55279635617913+0i,-29.7039584244617+0i,-33.3746878314079+0i,-0,0,-0.0740438448265657+0i,-0.0672124173296829+0i
3.84976938150966+0i,1.55276352295991+0i,-29.7799133329746+0i,-33.4397328302379+0i,-0,-0,-0.0759549085128786+0i,-0.0650449988300426+0i
3.8418907026646+0i,1.55273931748583+0i,-29.8563783474576+0i,-33.5041773921506+0i,0,-0,-0.0764650144829965+0i,-0.0644445619126637+0i
3.83827638835441+0i,1.55271161215241+0i,-29.9330757848949+0i,-33.568345165141+0i,0,0,-0.0766974374372671+0i,-0.06416777299047+0i
3.85758075543526+0i,1.55268154292712+0i,-30.0085202904871+0i,-33.6339814856957+0i,0,-0,-0.0754445055921784+0i,-0.0656363205546423+0i
3.85273504227199+0i,1.55263728896172+0i,-30.084281963865+0i,-33.6992514546476+0i,0,0,-0.075761673377904+0i,-0.0652699689518832+0i
3.8600259418827+0i,1.55260650837705+0i,-30.1595657510368+0i,-33.7650720546834+0i,0,0,-0.0752837871717765+0i,-0.0658206000358145+0i
3.8663782802065+0i,1.55257016652663+0i,-30.2344299073722+0i,-33.8313695515907+0i,-0,0,-0.07486415633545+0i,-0.0662974969073592+0i
3.8763805963673+0i,1.55253488083613+0i,-30.3086272013294+0i,-33.89841253459+0i,-0,-0,-0.0741972939571506+0i,-0.0670429829992385+0i
3.87898709862572+0i,1.55249979346511+0i,-30.3826494957551+0i,-33.9656486850445+0i,-0,-0,-0.074022294425771+0i,-0.0672361504545321+0i
3.88131087561235+0i,1.55246611759703+0i,-30.4565153486446+0i,-34.033056665113+0i,-0,-0,-0.073865852889426+0i,-0.0674079800685177+0i
3.85899938458083+0i,1.55243243782238+0i,-30.5318666647543+0i,-34.0987999473595+0i,0,-0,-0.0753513161097162+0i,-0.065743282246429+0i
3.86393631769711+0i,1.55240293502556+0i,-30.6068924937166+0i,-34.1649144313136+0i,-0,-0,-0.0750258289623195+0i,-0.0661144839540988+0i
3.86120441647426+0i,1.55236730662357+0i,-30.6820986607244+0i,-34.2308237056533+0i,0,-0,-0.0752061670078427+0i,-0.06590927433972+0i
3.87535407378906+0i,1.55233420346318+0i,-30.7563647367126+0i,-34.2977904881452+0i,-0,-0,-0.0742660759881813+0i,-0.0669667824919018+0i
3.83907881394081+0i,1.55229681241218+0i,-30.8330106596003+0i,-34.3620197844569+0i,-0,0,-0.0766459228876898+0i,-0.0642292963116856+0i
3.83510836573815+0i,1.55227836721247+0i,-30.9099109967721+0i,-34.425944256632+0i,-0,-0,-0.0769003371717914+0i,-0.0639244721750973+0i
3.82700135967431+0i,1.55224730419174+0i,-30.9873270372831+0i,-34.4892432034763+0i,0,-0,-0.0774160405110088+0i,-0.0632989468443026+0i
3.80034847497813+0i,1.55222044770926+0i,-31.0664024819559+0i,-34.5504565521005+0i,-0,0,-0.079075444672806+0i,-0.0612133486242829+0i
3.79614856323942+0i,1.55221953992531+0i,-31.1457343191193+0i,-34.6113372519346+0i,0,-0,-0.0793318371633607+0i,-0.0608806998340691+0i
3.79578638495008+0i,1.55219171501278+0i,-31.2250882007468+0i,-34.6721892155073+0i,-0,0,-0.0793538816274965+0i,-0.0608519635726677+0i
3.81191862002131+0i,1.55215786867921+0i,-31.3034501211124+0i,-34.7343133608665+0i,-0,-0,-0.0783619203656082+0i,-0.0621241453592247+0i
3.81367896368885+0i,1.55209976899466+0i,-31.3817025602743+0i,-34.7965753538094+0i,-0,-0,-0.0782524391618911+0i,-0.0622619929428422+0i
3.82976749608726+0i,1.55206263371109+0i,-31.4589432113122+0i,-34.860088201543+0i,0,0,-0.0772406510378888+0i,-0.0635128477336916+0i
3.85392835889221+0i,1.55200940708954+0i,-31.5346269430273+0i,-34.9254485316651+0i,-0,0,-0.0756837317151597+0i,-0.0653603301220835+0i
3.86376366628336+0i,1.55195587650758+0i,-31.6096641856305+0i,-34.9915500613185+0i,-0,0,-0.0750372426031826+0i,-0.066101529653338+0i
3.85363225603969+0i,1.55191605384097+0i,-31.6853672674077+0i,-35.0568879784067+0i,0,0,-0.0757030817772104+0i,-0.065337917088265+0i
3.86856490460898+0i,1.55188480701789+0i,-31.7600862771592+0i,-35.1233490164798+0i,0,0,-0.0747190097515043+0i,-0.0664610380731042+0i
3.87816042829614+0i,1.55184308694343+0i,-31.8341641284165+0i,-35.1905239519328+0i,0,-0,-0.0740778512572778+0i,-0.0671749354529249+0i
3.87388289657009+0i,1.55180553570242+0i,-31.9085286440046+0i,-35.2573814034348+0i,-0,-0,-0.0743645155881352+0i,-0.0668574515019979+0i
3.86790665324846+0i,1.55176988218929+0i,-31.983291385634+0i,-35.323793243223+0i,-0,-0,-0.0747627416293978+0i,-0.0664118397882178+0i
3.86781427650632+0i,1.55173487642737+0i,-32.0580602618538+0i,-35.3901981763893+0i,0,0,-0.0747688762197955+0i,-0.0664049331663613+0i
3.85849633745308+0i,1.5516985031444+0i,-32.1334446403974+0i,-35.4559035450558+0i,0,-0,-0.0753843785435581+0i,-0.0657053686665065+0i
3.86095171969272+0i,1.55166534121144+0i,-32.2086674600654+0i,-35.5217938129351+0i,-0,-0,-0.0752228196679948+0i,-0.0658902678792273+0i
3.86348757880524+0i,1.5516276339779+0i,-32.2837229496131+0i,-35.5878746232263+0i,0,0,-0.0750554895477418+0i,-0.0660808102912549+0i
3.86883510277922+0i,1.55158986155757+0i,-32.3584239989865+0i,-35.6543558478128+0i,-0,0,-0.0747010493733358+0i,-0.0664812245865135+0i
3.88797926947978+0i,1.55155126256368+0i,-32.4318387099384+0i,-35.7222548921054+0i,0,0,-0.0734147109519276+0i,-0.067899044292574+0i
3.89395113514356+0i,1.55151277849149+0i,-32.5048466302321+0i,-35.7905911458393+0i,-0,0,-0.0730079202937336+0i,-0.0683362537338991+0i
3.90228319104011+0i,1.55147654773721+0i,-32.5772826414226+0i,-35.8595333265621+0i,0,-0,-0.0724360111904428+0i,-0.0689421807228205+0i
3.93020811444905+0i,1.55144175367896+0i,-32.6477654566855+0i,-35.9304711356106+0i,-0,-0,-0.0704828152629879+0i,-0.0709378090485146+0i
3.9374274918225+0i,1.55142286201957+0i,-32.7177343128302+0i,-36.0019159336705+0i,0,0,-0.0699688561446505+0i,-0.0714447980598252+0i
3.90063813302015+0i,1.55139265794834+0i,-32.7902836398431+0i,-36.0707388597197+0i,-0,-0,-0.0725493270128805+0i,-0.0688229260492325+0i
3.88148883592861+0i,1.55132826100944+0i,-32.8641374956174+0i,-36.1381599839113+0i,-0,-0,-0.0738538557743762+0i,-0.0674211241915888+0i
3.88867371537592+0i,1.55128682057609+0i,-32.9375050366582+0i,-36.2061099943722+0i,-0,0,-0.073367541040748+0i,-0.0679500104608833+0i
3.88167286986949+0i,1.5512491435548+0i,-33.0113464834068+0i,-36.2735447090381+0i,-0,-0,-0.0738414467486036+0i,-0.0674347146659133+0i
3.89471168557743+0i,1.55121039336301+0i,-33.0843024094229+0i,-36.341936469208+0i,-0,-0,-0.0729559260160787+0i,-0.0683917601698951+0i
3.87900711084116+0i,1.55117360046724+0i,-33.1583233582895+0i,-36.4091741009992+0i,-0,0,-0.0740209488666198+0i,-0.0672376317911722+0i
3.86586189341143+0i,1.55113344370142+0i,-33.2332217397939+0i,-36.4754329302072+0i,0,0,-0.0748983815044149+0i,-0.0662588292080317+0i
3.85121105601834+0i,1.55109713710348+0i,-33.3090827956892+0i,-36.5405873636591+0i,0,-0,-0.0758610558953405+0i,-0.0651544334519457+0i
3.84547648066658+0i,1.55106503342709+0i,-33.3853162351894+0i,-36.6053056972438+0i,0,0,-0.0762334395001948+0i,-0.0647183335846199+0i
3.82962482075984+0i,1.55102988361644+0i,-33.4625659471575+0i,-36.6688075239959+0i,0,-0,-0.077249711968039+0i,-0.0635018267521102+0i
3.80371349908842+0i,1.55100481103255+0i,-33.5414349601245+0i,-36.7302866163249+0i,-0,-0,-0.0788690129670345+0i,-0.0614790923290654+0i
3.8434754007959+0i,1.55099948816111+0i,-33.6177977534614+0i,-36.7948522712337+0i,0,0,-0.0763627933368469+0i,-0.0645656549087362+0i
3.83046899726378+0i,1.55091383952605+0i,-33.6949938311603+0i,-36.858419287743+0i,0,-0,-0.0771960776989219+0i,-0.063567016509366+0i
3.82792438218561+0i,1.55088610295401+0i,-33.7723514123486+0i,-36.9217896643609+0i,0,-0,-0.0773575811883349+0i,-0.063370376617866+0i
3.82898357313295+0i,1.55084920608161+0i,-33.8496418288271+0i,-36.985241941866+0i,0,0,-0.0772904164784729+0i,-0.0634522775050999+0i
3.83037120835094+0i,1.55080830242725+0i,-33.9268441223063+0i,-37.0488014091509+0i,0,0,-0.0772022934792487+0i,-0.0635594672849289+0i
3.83414070807418+0i,1.55076690215383+0i,-34.0038062804706+0i,-37.1126514382088+0i,0,-0,-0.0769621581643041+0i,-0.0638500290578841+0i
3.85206788844366+0i,1.55072296832464+0i,-34.0796114820944+0i,-37.1778708479484+0i,-0,-0,-0.0758052016237932+0i,-0.0652194097395558+0i
3.8547329546098+0i,1.55066827154329+0i,-34.1552426006757+0i,-37.243292051714+0i,-0,0,-0.0756311185812684+0i,-0.0654212037656456+0i
3.85037166932682+0i,1.55062611797806+0i,-34.2311583196043+0i,-37.3083827854598+0i,0,-0,-0.0759157189285403+0i,-0.0650907337457712+0i
3.87362393128944+0i,1.55058807572589+0i,-34.3055401464573+0i,-37.3752209768925+0i,0,0,-0.074381826853079+0i,-0.0668381914327324+0i
3.86074636016963+0i,1.5505372494272+0i,-34.3807764957331+0i,-37.4410957956601+0i,0,0,-0.0752363492757198+0i,-0.0658748187675829+0i
3.85670763587454+0i,1.55050028485589+0i,-34.4562782809162+0i,-37.506666219131+0i,-0,-0,-0.0755017851831713+0i,-0.0655704234709084+0i
3.86699714675223+0i,1.55046103641297+0i,-34.5311013936151+0i,-37.5730100342614+0i,-0,0,-0.0748231126988392+0i,-0.0663438151304009+0i
3.85313524732316+0i,1.550415141391+0i,-34.6068369395553+0i,-37.6383103181899+0i,0,0,-0.0757355459401873+0i,-0.0653002839284928+0i
3.87822428961578+0i,1.55038009724683+0i,-34.6809105007815+0i,-37.7054899842152+0i,-0,0,-0.0740735612262013+0i,-0.0671796660252804+0i
3.87619673755254+0i,1.5503293140553+0i,-34.7551201199278+0i,-37.7725193242548+0i,0,0,-0.0742096191463881+0i,-0.0670293400396276+0i
3.88634499279269+0i,1.55028758729077+0i,-34.8286456986153+0i,-37.8402982979758+0i,-0,0,-0.073525578687499+0i,-0.0677789737209734+0i
3.8948102913844+0i,1.55024502986544+0i,-34.9015948804521+0i,-37.9086972516911+0i,0,0,-0.0729491818367089+0i,-0.0683989537153514+0i
3.87890059832855+0i,1.55020399647272+0i,-34.9756229905479+0i,-37.9759269989437+0i,-0,0,-0.0740281100958302+0i,-0.0672297472525343+0i
3.84742668070044+0i,1.55016029647082+0i,-35.0517300714632+0i,-38.0407938798194+0i,0,0,-0.0761070809153324+0i,-0.0648668808757369+0i
3.84367154679397+0i,1.55013074323409+0i,-35.1280801990364+0i,-38.1053745117423+0i,0,-0,-0.0763501275731426+0i,-0.0645806319229291+0i
3.84904689329383+0i,1.55009095378132+0i,-35.2040820819665+0i,-38.1703646170744+0i,-0,-0,-0.076001882930123+0i,-0.0649901053320879+0i
3.84869891300473+0i,1.55004390370626+0i,-35.2801065755702+0i,-38.235328271315+0i,0,-0,-0.0760244936037641+0i,-0.0649636542405923+0i
3.87012450322227+0i,1.55000104773877+0i,-35.3547218419497+0i,-38.3019057601767+0i,0,0,-0.0746152663794155+0i,-0.0665774888616931+0i
3.84317938105011+0i,1.54994693420895+0i,-35.4311037446492+0i,-38.3664488073622+0i,0,-0,-0.0763819026995734+0i,-0.064543047185525+0i
3.8391980430055+0i,1.54991860410943+0i,-35.5077420089932+0i,-38.4306872416391+0i,-0,-0,-0.0766382643440001+0i,-0.0642384342768344+0i
3.84326222130886+0i,1.54987855172621+0i,-35.584118564668+0i,-38.4952366160997+0i,-0,0,-0.0763765556747642+0i,-0.0645493744606379+0i
3.83217088233488+0i,1.5498311445439+0i,-35.6612063468669+0i,-38.5589349193397+0i,0,-0,-0.0770877821989074+0i,-0.0636983032399908+0i
3.82730656326391+0i,1.54979797791337+0i,-35.7386030647068+0i,-38.622257490889+0i,-0,0,-0.0773967178398918+0i,-0.0633225715492681+0i
3.83276661419678+0i,1.54975949188776+0i,-35.8156528861201+0i,-38.6860017064711+0i,0,0,-0.0770498214132732+0i,-0.0637442155821429+0i
3.8388024942329+0i,1.54970902338542+0i,-35.8923165539019+0i,-38.750209821552+0i,0,0,-0.0766636677818028+0i,-0.0642081150808943+0i
3.85531549690027+0i,1.5496583653265+0i,-35.9679095490345+0i,-38.8156750725397+0i,-0,-0,-0.0755929951326187+0i,-0.0654652509876796+0i
3.85891258149382+0i,1.54960058507407+0i,-36.0432665715802+0i,-38.8814118138116+0i,-0,0,-0.0753570225456807+0i,-0.065736741271908+0i
3.85478714770132+0i,1.54955350834811+0i,-36.1188941446731+0i,-38.9468371161653+0i,-0,0,-0.0756275730929272+0i,-0.0654253023537068+0i
3.83512470583649+0i,1.54951074265453+0i,-36.1957934373025+0i,-39.0107628448909+0i,0,0,-0.076899292629364+0i,-0.0639257287256348+0i
3.83214093686087+0i,1.54948202917819+0i,-36.2728831269427+0i,-39.0744588396722+0i,0,0,-0.0770896896402277+0i,-0.0636959947812527+0i
3.85168700388662+0i,1.54943987643563+0i,-36.3487131641332+0i,-39.139649371651+0i,0,0,-0.0758300371905361+0i,-0.0651905319788228+0i
3.8555057975209+0i,1.54937629218266+0i,-36.4242936998193+0i,-39.2051290068471+0i,0,0,-0.0755805356860267+0i,-0.0654796351960917+0i
3.83695892335968+0i,1.54932779232269+0i,-36.5010756094644+0i,-39.2691956779893+0i,-0,0,-0.0767819096451174+0i,-0.0640666711422486+0i
3.84896650447998+0i,1.54929711300334+0i,-36.5770827166264+0i,-39.3341796734102+0i,0,0,-0.0760071071620208+0i,-0.0649839954208811+0i
3.84388536230961+0i,1.54923997689039+0i,-36.6534190341133+0i,-39.3987766286987+0i,0,0,-0.0763363174868802+0i,-0.0645969552884827+0i
3.83236485391542+0i,1.54919772197852+0i,-36.7304944592015+0i,-39.4624898835792+0i,0,-0,-0.0770754250882148+0i,-0.0637132548805269+0i
3.83559058225718+0i,1.54916282374647+0i,-36.8073639619971+0i,-39.5264514309335+0i,-0,-0,-0.0768695027956089+0i,-0.0639615473542963+0i
3.84637803839431+0i,1.54911244439869+0i,-36.8835390232099+0i,-39.5912384670536+0i,-0,-0,-0.0761750612128204+0i,-0.0647870361200686+0i
3.84608967845042+0i,1.54905498313964+0i,-36.9597327632415+0i,-39.656003534644+0i,0,0,-0.0761937400316283+0i,-0.0647650675904275+0i
3.8381489675107+0i,1.54900792741287+0i,-37.0364383763679+0i,-39.7201615342614+0i,0,-0,-0.0767056131263861+0i,-0.0641579996173913+0i
3.83911113110634+0i,1.54896798057058+0i,-37.1130822235068+0i,-39.7843933075185+0i,0,-0,-0.0766438471388646+0i,-0.0642317732571221+0i
3.82426361627785+0i,1.54891933842229+0i,-37.1906712699494+0i,-39.8474800721537+0i,0,0,-0.0775890464425734+0i,-0.0630867646351609+0i
3.8251516819581+0i,1.54888915733297+0i,-37.2682042606131+0i,-39.9106357160721+0i,0,0,-0.0775329906636751+0i,-0.06315564391839+0i
3.82247585726792+0i,1.54884003907011+0i,-37.345905966937+0i,-39.9735836694491+0i,-0,-0,-0.0777017063239246+0i,-0.062947953376981+0i
3.82670756388059+0i,1.54879558443934+0i,-37.4233406010709+0i,-40.0368598690548+0i,0,-0,-0.0774346341339506+0i,-0.0632761996057065+0i
3.82735028037126+0i,1.54874148910366+0i,-37.5007345505572+0i,-40.1001858241042+0i,0,0,-0.0773939494862744+0i,-0.0633259550493793+0i
3.83932039625466+0i,1.54869206283306+0i,-37.5773649545464+0i,-40.1644336348408+0i,-0,0,-0.0766304039892156+0i,-0.0642478107366283+0i
3.83464247061578+0i,1.54862910790096+0i,-37.654295065471+0i,-40.2283222725875+0i,-0,-0,-0.076930110924574+0i,-0.0638886377467288+0i
3.8385860209739+0i,1.54858513915844+0i,-37.7309726307963+0i,-40.2925137905301+0i,0,0,-0.0766775653253648+0i,-0.0641915179425944+0i
3.85009859204718+0i,1.54853141183659+0i,-37.8069061216946+0i,-40.3575837909912+0i,0,0,-0.0759334908982574+0i,-0.0650700004610747+0i
3.90028708358341+0i,1.54847089765946+0i,-37.8794796044861+0i,-40.4263812443998+0i,-0,-0,-0.0725734827914753+0i,-0.0687974534086506+0i
3.89196002860395+0i,1.54840799940292+0i,-37.9526234447315+0i,-40.4945719962226+0i,-0,0,-0.0731438402454367+0i,-0.0681907518227364+0i
3.8853837023005+0i,1.54835598771398+0i,-38.0262141447202+0i,-40.5622802591981+0i,0,0,-0.0735906999887383+0i,-0.0677082629755595+0i
3.88355199051734+0i,1.54830521329576+0i,-38.0999287432082+0i,-40.6298536117105+0i,-0,-0,-0.0737145984879472+0i,-0.0675733525123679+0i
3.90459094665312+0i,1.54825460078879+0i,-38.1722054599479+0i,-40.6989627733125+0i,-0,-0,-0.0722767167396794+0i,-0.0691091616020058+0i
3.90180933366605+0i,1.54820721765084+0i,-38.2446741317654+0i,-40.7678706219584+0i,-0,-0,-0.0724686718175193+0i,-0.0689078486458886+0i
3.90117703890839+0i,1.54815503582544+0i,-38.3171863591651+0i,-40.8367326352715+0i,0,0,-0.0725122273997106+0i,-0.0688620133130935+0i
3.88482235793131+0i,1.54810344879406+0i,-38.3908150552095+0i,-40.9043995778565+0i,0,0,-0.0736286960444209+0i,-0.0676669425849748+0i
3.87647940855169+0i,1.54804942530318+0i,-38.4650057241409+0i,-40.9714498921251+0i,0,-0,-0.0741906689313373+0i,-0.0670503142686199+0i
3.88001561871164+0i,1.54799869145558+0i,-38.5389588256952+0i,-41.0387621404198+0i,-0,0,-0.0739531015543499+0i,-0.0673122482947346+0i
3.86526979210584+0i,1.54794592252629+0i,-38.6138964260075+0i,-41.1049766105863+0i,0,0,-0.0749376003123184+0i,-0.0662144701665067+0i
3.8673606146559+0i,1.54789833045652+0i,-38.6886954199171+0i,-41.1713476171337+0i,-0,-0,-0.074798993909563+0i,-0.0663710065474162+0i
3.86103484086252+0i,1.54784481544063+0i,-38.7639127624491+0i,-41.2372441373941+0i,-0,0,-0.0752173425319946+0i,-0.0658965202603643+0i
3.8664835947784+0i,1.54779532803716+0i,-38.8387699362769+0i,-41.3035495182204+0i,-0,-0,-0.0748571738277933+0i,-0.0663053808262613+0i
3.88238334979582+0i,1.54773942359728+0i,-38.9125634533815+0i,-41.3710366787276+0i,-0,0,-0.0737935171046206+0i,-0.0674871605072407+0i
3.88879851912899+0i,1.54768158242068+0i,-38.9859225134346+0i,-41.4389958452037+0i,0,0,-0.0733590600530581+0i,-0.0679591664761408+0i
3.86977356970598+0i,1.54762784469887+0i,-39.0605611394912+0i,-41.5055471449685+0i,-0,-0,-0.0746386260566112+0i,-0.0665512997647781+0i
3.86013697979172+0i,1.54757737907855+0i,-39.1358376176171+0i,-41.5713761039529+0i,-0,-0,-0.0752764781258905+0i,-0.0658289589843431+0i
3.85707403214772+0i,1.54752829517981+0i,-39.2113153729741+0i,-41.6369741865946+0i,-0,0,-0.075477755357003+0i,-0.0655980826417084+0i
3.83988295035866+0i,1.54747609894946+0i,-39.2879096219701+0i,-41.701265095911+0i,0,-0,-0.076594248996018+0i,-0.06429090931645+0i
3.8515503810688+0i,1.5474372129809+0i,-39.3637485649671+0i,-41.7664452671681+0i,0,-0,-0.0758389429969687+0i,-0.065180171257082+0i
3.83236575876488+0i,1.547371248226+0i,-39.4408239324043+0i,-41.8301585917903+0i,0,0,-0.0770753674372793+0i,-0.0637133246221572+0i
3.84036565241349+0i,1.54733682572264+0i,-39.5173871391242+0i,-41.8944864658167+0i,-0,-0,-0.0765632067199106+0i,-0.064327874026461+0i
3.83259231163658+0i,1.54727216467527+0i,-39.594448070147+0i,-41.9582172504495+0i,0,0,-0.0770609310227513+0i,-0.0637307846327563+0i
3.82840275416144+0i,1.54722622141241+0i,-39.671775327873+0i,-42.0216246255141+0i,-0,0,-0.0773272577259749+0i,-0.0634073750645826+0i
3.85118876818908+0i,1.54717639086824+0i,-39.7476378359004+0i,-42.0867773681716+0i,-0,-0,-0.0758625080273868+0i,-0.065152742657502+0i
3.86113803218232+0i,1.54709461095327+0i,-39.822848378083+0i,-42.1526816498579+0i,0,-0,-0.0752105421826368+0i,-0.0659042816863503+0i
3.877823208998+0i,1.54703084482671+0i,-39.8969488778125+0i,-42.2198316010108+0i,0,0,-0.0741004997294843+0i,-0.0671499511529286+0i
3.88277439573068+0i,1.54696692114534+0i,-39.9707159986959+0i,-42.2873476130123+0i,-0,0,-0.0737671208833829+0i,-0.0675160120014236+0i
3.91499182828899+0i,1.5469091030526+0i,-40.0422700228331+0i,-42.357204764613+0i,0,-0,-0.0715540241371965+0i,-0.0698571516007739+0i
3.91306006759892+0i,1.54686047287153+0i,-40.1139588606767+0i,-42.4269235607058+0i,-0,-0,-0.071688837843637+0i,-0.0697187960927949+0i
3.92917606181255+0i,1.54680185474663+0i,-40.1845148499428+0i,-42.4977885900129+0i,0,0,-0.0705559892660769+0i,-0.0708650293070231+0i
3.921267941605+0i,1.54675721467099+0i,-40.2556290363213+0i,-42.5680934440111+0i,-0,0,-0.0711141863785731+0i,-0.070304853998238+0i
3.90198070895051+0i,1.54669216091283+0i,-40.3280858979726+0i,-42.6370137109843+0i,0,0,-0.0724568616512298+0i,-0.068920266973181+0i
3.89184681148634+0i,1.54662267126336+0i,-40.4012374581096+0i,-42.7051961812352+0i,0,-0,-0.0731515601370064+0i,-0.0681824702509519+0i
3.89606840158477+0i,1.54656177369367+0i,-40.4741005288141+0i,-42.7736868589038+0i,0,-0,-0.0728630707045658+0i,-0.0684906776685809+0i
3.87524388599029+0i,1.54650356196803+0i,-40.5483739832738+0i,-42.8406454577737+0i,0,0,-0.0742734544596744+0i,-0.0669585988699486+0i
3.86506227461385+0i,1.54644533566705+0i,-40.6233253226333+0i,-42.9068443756518+0i,-0,0,-0.0749513393594642+0i,-0.066198917878032+0i
3.83309768781935+0i,1.54639024372605+0i,-40.7003540357959+0i,-42.9706140969035+0i,0,-0,-0.0770287131625827+0i,-0.0637697212516768+0i
3.84431172960104+0i,1.54636088051212+0i,-40.7766628043162+0i,-43.0352435936284+0i,-0,0,-0.0763087685203001+0i,-0.0646294967249108+0i
3.85333910059585+0i,1.54628762388989+0i,-40.8523850370062+0i,-43.1005593151388+0i,0,-0,-0.0757222326900539+0i,-0.0653157215104705+0i
3.85028868612067+0i,1.54621880004921+0i,-40.9283061571111+0i,-43.1656437489307+0i,0,0,-0.0759211201049254+0i,-0.0650844337919099+0i
3.86039569317372+0i,1.54616104537701+0i,-41.0035656018854+0i,-43.2314921807441+0i,0,0,-0.0752594447742427+0i,-0.0658484318133144+0i
3.862832332018+0i,1.54609207274872+0i,-41.0786643745562+0i,-43.2975237969846+0i,0,-0,-0.0750987726708101+0i,-0.0660316162405403+0i
3.86696660651211+0i,1.5460293244094+0i,-41.1534895133762+0i,-43.3638653269682+0i,-0,0,-0.0748251388199897+0i,-0.066341529983633+0i
3.85145728883942+0i,1.54596546313892+0i,-41.229334523812+0i,-43.4290384379266+0i,-0,-0,-0.0758450104357972+0i,-0.0651731109583839+0i
3.86438280110328+0i,1.54591493917383+0i,-41.3043308262772+0i,-43.4951864130774+0i,0,0,-0.0749963024652041+0i,-0.0661479751507755+0i
3.8393127984666+0i,1.5458430929671+0i,-41.3809617184054+0i,-43.5594336415906+0i,-0,-0,-0.0766308921282534+0i,-0.0642472285132051+0i
3.84020746256894+0i,1.54580374936528+0i,-41.4575351001837+0i,-43.6237494032905+0i,0,-0,-0.0765733817783006+0i,-0.0643157616998712+0i
3.8453714143655+0i,1.5457401750218+0i,-41.5337753389791+0i,-43.6884597269524+0i,0,-0,-0.0762402387953364+0i,-0.0647103236619172+0i
3.85565484728897+0i,1.54567138960424+0i,-41.6093461141012+0i,-43.7539506266824+0i,0,0,-0.075570775122081+0i,-0.0654908997300225+0i
3.8668088827137+0i,1.54559824995891+0i,-41.6841817156285+0i,-43.8202803541358+0i,-0,-0,-0.0748356015273426+0i,-0.0663297274533884+0i
3.88342080635449+0i,1.54552684030133+0i,-41.7579051780358+0i,-43.8878440358789+0i,0,-0,-0.0737234624073142+0i,-0.0675636817430587+0i
3.87993933602721+0i,1.5454570392348+0i,-41.831863414134+0i,-43.9551506426366+0i,0,0,-0.0739582360981717+0i,-0.0673066067577849+0i
3.88750156436108+0i,1.54539329971971+0i,-41.905310552429+0i,-44.0230146086+0i,0,0,-0.0734471382950091+0i,-0.0678639659633432+0i
3.85858247288431+0i,1.54532760754266+0i,-41.9806892711326+0i,-44.0887264702887+0i,0,0,-0.0753787187036504+0i,-0.0657118616887084+0i
3.86741242996614+0i,1.54527433170796+0i,-42.0554848259075+0i,-44.1551013524801+0i,0,-0,-0.0747955547748581+0i,-0.0663748821913922+0i
3.8721743708737+0i,1.54520317486313+0i,-42.1299634605767+0i,-44.2218316527777+0i,-0,0,-0.0744786346692314+0i,-0.0667303002975946+0i
3.88501402658591+0i,1.545135166031+0i,-42.2035791856369+0i,-44.2895127064327+0i,0,0,-0.0736157250602101+0i,-0.0676810536550633+0i
3.89368012930719+0i,1.54506568587771+0i,-42.276605622773+0i,-44.3578291720849+0i,0,-0,-0.0730264371361014+0i,-0.0683164656521913+0i
3.88024169849429+0i,1.54499937288103+0i,-42.3505435044991+0i,-44.4251581379604+0i,0,-0,-0.0739378817260678+0i,-0.0673289658754834+0i
3.87887830618588+0i,1.54493336840684+0i,-42.4245731132717+0i,-44.4923862349511+0i,0,0,-0.0740296087725533+0i,-0.0672280969906385+0i
3.87393247611367+0i,1.54486664139604+0i,-42.4989343140065+0i,-44.5592473733296+0i,0,0,-0.0743612007348068+0i,-0.0668611383785661+0i
3.90095995110626+0i,1.54480087277096+0i,-42.5714614888005+0i,-44.6280936435001+0i,-0,0,-0.0725271747940678+0i,-0.0688462701705091+0i
3.9165460455824+0i,1.5447319468248+0i,-42.6429068533657+0i,-44.6980619211847+0i,-0,-0,-0.0714453645651964+0i,-0.0699682776845777+0i
3.93156982874509+0i,1.5446719140201+0i,-42.7132930062829+0i,-44.769095641892+0i,0,-0,-0.0703861529172018+0i,-0.0710337207072549+0i
3.91118783220215+0i,1.54461743812868+0i,-42.785112248404+0i,-44.838680097492+0i,-0,-0,-0.071819242121081+0i,-0.0695844556000371+0i
3.88250297370762+0i,1.54453131141211+0i,-42.8588976919025+0i,-44.9061760849855+0i,0,0,-0.0737854434985156+0i,-0.0674959874935345+0i
3.88046395247307+0i,1.54445607152683+0i,-42.932820607672+0i,-44.9735214821864+0i,0,-0,-0.073922915769489+0i,-0.0673453972008261+0i
3.88846221591614+0i,1.54438690226599+0i,-43.0062025184622+0i,-45.0414559739323+0i,-0,0,-0.0733819107902064+0i,-0.0679344917459326+0i
3.90104051868609+0i,1.54431602631289+0i,-43.0787241462435+0i,-45.1103080872183+0i,-0,0,-0.0725216277813141+0i,-0.0688521132860026+0i
3.89691254962172+0i,1.54424768911393+0i,-43.1515293747233+0i,-45.1788602476949+0i,-0,0,-0.0728052284797324+0i,-0.0685521604766325+0i
3.91097638230492+0i,1.54417589815582+0i,-43.2233633288647+0i,-45.2484295155681+0i,0,-0,-0.0718339541413992+0i,-0.0695692678731878+0i
3.88574168778871+0i,1.54411056354731+0i,-43.2969297855629+0i,-45.3161641186072+0i,0,-0,-0.073566456698222+0i,-0.0677346030391308+0i
3.87133348089265+0i,1.54403265343704+0i,-43.3714645067347+0i,-45.3828317669822+0i,-0,0,-0.0745347211718018+0i,-0.0666676483749184+0i
3.89061975335226+0i,1.54396481390046+0i,-43.4446996756343+0i,-45.4509244247086+0i,-0,-0,-0.0732351688996252+0i,-0.0680926577263905+0i
3.90896399769184+0i,1.5438885370112+0i,-43.5166734843528+0i,-45.5203489942683+0i,-0,0,-0.0719738087184785+0i,-0.069424569559745+0i
3.92889502574542+0i,1.54382140856367+0i,-43.5872493864614+0i,-45.5911941919993+0i,0,-0,-0.0705759021086476+0i,-0.0708451977310431+0i
3.95345079466958+0i,1.5437648690956+0i,-43.6560645280277+0i,-45.663750902862+0i,-0,0,-0.0688151415662705+0i,-0.0725567108627049+0i
3.93856534729981+0i,1.54372697324453+0i,-43.7259520450402+0i,-45.7352752691006+0i,-0,-0,-0.0698875170125328+0i,-0.071524366238527+0i
3.91561242882265+0i,1.5436303263035+0i,-43.7974627020153+0i,-45.8051768137115+0i,0,-0,-0.0715106569750777+0i,-0.0699015446109224+0i
3.91719782651244+0i,1.54353204879167+0i,-43.868862447419+0i,-45.875191643257+0i,0,0,-0.071399745403671+0i,-0.0700148295455396+0i
3.90124601574121+0i,1.54345878857043+0i,-43.9413699247626+0i,-45.9440586580701+0i,0,-0,-0.072507477343635+0i,-0.0688670148130603+0i
3.88531489064419+0i,1.54337462393238+0i,-44.0149652836949+0i,-46.0117618569874+0i,0,-0,-0.0735953589322285+0i,-0.0677031989173072+0i
3.86493846338875+0i,1.54329695907615+0i,-44.089924818649+0i,-46.0779514945409+0i,-0,0,-0.0749595349540936+0i,-0.0661896375535175+0i
3.86735494002541+0i,1.5432285044127+0i,-44.1647241891882+0i,-46.1443220766306+0i,-0,-0,-0.0747993705392962+0i,-0.0663705820896959+0i
3.87199476032557+0i,1.54315084011682+0i,-44.2392148081219+0i,-46.2110389987035+0i,0,0,-0.0744906189336419+0i,-0.0667169220729115+0i
3.89189889518173+0i,1.54307181086763+0i,-44.3123628169647+0i,-46.2792252788656+0i,-0,0,-0.0731480088427767+0i,-0.0681862801620463+0i
3.88437278693964+0i,1.54299118278904+0i,-44.3860219266619+0i,-46.3468591132876+0i,-0,-0,-0.0736591096971794+0i,-0.0676338344219733+0i
3.88486299623226+0i,1.54291368349525+0i,-44.4596478727759+0i,-46.4145290479618+0i,-0,-0,-0.0736259461140467+0i,-0.0676699346742074+0i
3.90620990735468+0i,1.54283566173475+0i,-44.5318126098279+0i,-46.483755132108+0i,0,-0,-0.0721647370519672+0i,-0.0692260841462265+0i
3.89901999851755+0i,1.54276160067572+0i,-44.6044732065633+0i,-46.5524605735377+0i,-0,-0,-0.0726605967354112+0i,-0.0687054414297292+0i
3.89531255654522+0i,1.5426798781619+0i,-44.6773880247885+0i,-46.6208961584566+0i,0,-0,-0.0729148182252103+0i,-0.0684355849188457+0i
3.88559854251002+0i,1.54259966085519+0i,-44.7509641766216+0i,-46.6886202301108+0i,-0,-0,-0.0735761518331088+0i,-0.0677240716542598+0i
3.88265627489569+0i,1.54251930908063+0i,-44.8247392720381+0i,-46.7561275282074+0i,-0,0,-0.0737750954164584+0i,-0.0675072980965203+0i
3.91107786393135+0i,1.54243945957797+0i,-44.8965661658071+0i,-46.8257040855488+0i,-0,0,-0.0718268937690662+0i,-0.0695765573414442+0i
3.92076764449661+0i,1.54236583005691+0i,-44.9677155165995+0i,-46.8959733525282+0i,-0,-0,-0.0711493507924267+0i,-0.0702692669793574+0i
3.93369294679274+0i,1.54229253140194+0i,-45.0379506980183+0i,-46.9671563511379+0i,0,0,-0.0702351814187623+0i,-0.0711829986097351+0i
3.93157483881393+0i,1.54222571823824+0i,-45.1083364950508+0i,-47.0381904244837+0i,0,-0,-0.0703857970324879+0i,-0.0710340733458346+0i
3.95964198701681+0i,1.54214128095491+0i,-45.1767011080661+0i,-47.1111717898263+0i,-0,0,-0.0683646130153578+0i,-0.0729813653425337+0i
3.96983158259034+0i,1.54210610326198+0i,-45.2443185343078+0i,-47.1848459621558+0i,0,-0,-0.0676174262416977+0i,-0.0736741723295795+0i
3.95856697930553+0i,1.54204681590661+0i,-45.3127615633361+0i,-47.2577537928562+0i,0,-0,-0.0684430290282787+0i,-0.0729078307003726+0i
3.96689706134977+0i,1.5419392552984+0i,-45.3805948965505+0i,-47.3312292234778+0i,0,0,-0.0678333332143373+0i,-0.0734754306216213+0i
3.99224046730563+0i,1.54187456154349+0i,-45.4465445283188+0i,-47.4064000028381+0i,0,-0,-0.0659496317683011+0i,-0.0751707793602374+0i
4.00664446869279+0i,1.54186000568527+0i,-45.5114045961774+0i,-47.4825128900345+0i,0,0,-0.0648600678586386+0i,-0.0761128871964058+0i
4.01489281388392+0i,1.54182470110325+0i,-45.5756346594165+0i,-47.5591581702304+0i,-0,-0,-0.0642300632390524+0i,-0.0766452801958955+0i
3.98876238190463+0i,1.54177198548714+0i,-45.6418453421494+0i,-47.6340991169287+0i,-0,0,-0.0662106827329257+0i,-0.0749409466983161+0i
3.97642999686576+0i,1.54159942635275+0i,-45.7089751672136+0i,-47.7082178499645+0i,0,0,-0.0671298250642701+0i,-0.074118733035856+0i
3.96131109145509+0i,1.54147937349581+0i,-45.777217871536+0i,-47.7813132212734+0i,0,0,-0.0682427043223183+0i,-0.0730953713088362+0i
3.97197046912236+0i,1.5413563114685+0i,-45.8446775625336+0i,-47.8551318509715+0i,-0,0,-0.0674596909976499+0i,-0.0738186296980756+0i
3.96716144114671+0i,1.54129581255462+0i,-45.9124914679581+0i,-47.9286252127879+0i,0,0,-0.0678139054244738+0i,-0.0734933618164289+0i
3.96277230217633+0i,1.54119699236513+0i,-45.9806272917244+0i,-48.0018202229981+0i,0,0,-0.0681358237663567+0i,-0.0731950102102594+0i
3.94014633295121+0i,1.54109912453002+0i,-46.0504016424449+0i,-48.0734549909641+0i,0,-0,-0.0697743507204385+0i,-0.0716347679659902+0i
3.90959568721269+0i,1.54096549524158+0i,-46.1223315820333+0i,-48.1429250117703+0i,-0,0,-0.0719299395884012+0i,-0.0694700208061647+0i
3.91530438719815+0i,1.54083898041306+0i,-46.1938637682006+0i,-48.2128045248062+0i,-0,-0,-0.0715321861672844+0i,-0.0698795130358602+0i
3.90001472197169+0i,1.54075390899484+0i,-46.2664559860853+0i,-48.2815822094326+0i,0,0,-0.0725922178847544+0i,-0.0687776846264276+0i
3.89002186241063+0i,1.54065248533932+0i,-46.3397318538759+0i,-48.3496310683468+0i,-0,-0,-0.073275867790627+0i,-0.068048858914243+0i
3.87310856181262+0i,1.54055800246077+0i,-46.4141481172131+0i,-48.4164309167818+0i,0,0,-0.0744162633371863+0i,-0.0667998484349369+0i
3.87707299281924+0i,1.54046754382813+0i,-46.4882989730649+0i,-48.4835252576493+0i,0,-0,-0.0741508558517361+0i,-0.0670943408675803+0i
3.85358811725163+0i,1.54037418764851+0i,-46.5640049387048+0i,-48.5488598332317+0i,0,0,-0.0757059656399403+0i,-0.0653345755823376+0i
3.84136487202301+0i,1.54029489531011+0i,-46.6405038295404+0i,-48.6132641785892+0i,0,-0,-0.0764988908355663+0i,-0.0644043453574998+0i
3.82844271234711+0i,1.54021550060183+0i,-46.7178285535609+0i,-48.6766746434601+0i,-0,0,-0.0773247240205772+0i,-0.0634104648708837+0i
3.81812975112103+0i,1.54014162546964+0i,-46.7958031036721+0i,-48.7392843035371+0i,-0,-0,-0.0779745501112058+0i,-0.0626096600769806+0i
3.83952191451777+0i,1.54006725092615+0i,-46.8724205589983+0i,-48.8035475553949+0i,0,0,-0.0766174553261093+0i,-0.0642632518578981+0i
3.8526162915129+0i,1.53993570733254+0i,-46.9481899827003+0i,-48.8688085271304+0i,0,0,-0.0757694237020585+0i,-0.0652609717354709+0i
3.87229839189587+0i,1.5398244933444+0i,-47.0226603408367+0i,-48.9355480638312+0i,-0,-0,-0.074470358136414+0i,-0.0667395367007761+0i
3.89094591702204+0i,1.53971449301064+0i,-47.0958732964901+0i,-49.0036646045867+0i,-0,0,-0.0732129556534111+0i,-0.0681165407554704+0i
3.88332214443074+0i,1.53961563575638+0i,-47.1696034245014+0i,-49.0712210123023+0i,0,0,-0.0737301280113015+0i,-0.0675564077156053+0i
3.89089626756068+0i,1.53951756298238+0i,-47.2428197620142+0i,-49.13933391799+0i,0,0,-0.0732163375127306+0i,-0.0681129056877029+0i
3.87427110746445+0i,1.53941992786823+0i,-47.3171583172083+0i,-49.2062202335684+0i,0,-0,-0.0743385551940926+0i,-0.0668863155784115+0i
3.88648720429215+0i,1.53932238538564+0i,-47.3906742562028+0i,-49.2740096627867+0i,-0,0,-0.0735159389945518+0i,-0.0677894292183474+0i
3.89314795765187+0i,1.53922122966853+0i,-47.463737039083+0i,-49.342287256167+0i,-0,0,-0.0730627828802106+0i,-0.0682775933802533+0i
3.90404373477026+0i,1.53912223872963+0i,-47.536051562354+0i,-49.4113568567457+0i,-0,0,-0.0723145232709349+0i,-0.0690696005786729+0i
3.93115929757166+0i,1.53902637006369+0i,-47.6064668708958+0i,-49.4823616757579+0i,0,-0,-0.0704153085418029+0i,-0.0710048190122523+0i
3.92747164512789+0i,1.53895372029559+0i,-47.6771435411578+0i,-49.5531063453851+0i,0,0,-0.0706766702620791+0i,-0.070744669627226+0i
3.90823743009493+0i,1.53884689351907+0i,-47.7491677725171+0i,-49.6224786027876+0i,-0,0,-0.0720242313592086+0i,-0.0693722574024745+0i
3.89140266192298+0i,1.53872391966542+0i,-47.8223496086522+0i,-49.690628576081+0i,0,-0,-0.0731818361351397+0i,-0.0681499732933885+0i
3.88370293310082+0i,1.53861237616135+0i,-47.896054006604+0i,-49.7582130544955+0i,-0,-0,-0.073704397951839+0i,-0.0675844784144773+0i
3.88976398987987+0i,1.53850767313129+0i,-47.9693474198896+0i,-49.8262430153139+0i,0,-0,-0.073293413285538+0i,-0.0680299608184168+0i
3.88561588574214+0i,1.53840351045278+0i,-48.0429223971573+0i,-49.8939683630062+0i,0,0,-0.0735749772677482+0i,-0.0677253476923548+0i
3.89119682992148+0i,1.53829778357157+0i,-48.1161182591875+0i,-49.9621032716923+0i,-0,0,-0.0731958620302052+0i,-0.0681349086860412+0i
3.90745455970677+0i,1.53819253254597+0i,-48.1881967779559+0i,-50.0314191222039+0i,0,-0,-0.0720785187684195+0i,-0.0693158505116298+0i
3.93488735342659+0i,1.53809387388231+0i,-48.2583468878502+0i,-50.1026859593852+0i,-0,0,-0.0701501098942187+0i,-0.0712668371813219+0i
3.93645954766511+0i,1.5380200954284+0i,-48.3283848657814+0i,-50.1740629980412+0i,-0,-0,-0.0700379779312451+0i,-0.0713770386560162+0i
3.92486570070983+0i,1.53791526550244+0i,-48.3992456525311+0i,-50.2446232481911+0i,0,0,-0.070860786749741+0i,-0.0705602501498381+0i
3.93408896804686+0i,1.53778902976982+0i,-48.4694526384627+0i,-50.3158340558428+0i,-0,0,-0.0702069859315264+0i,-0.0712108076517213+0i
3.9339420870179+0i,1.53769396440819+0i,-48.5396700831535+0i,-50.3870345506521+0i,-0,0,-0.0702174446908655+0i,-0.0712004948092726+0i
3.93510336986646+0i,1.53758403686514+0i,-48.6098047966027+0i,-50.4583165397475+0i,-0,-0,-0.0701347134491784+0i,-0.0712819890954345+0i
3.91868996934381+0i,1.53747562154212+0i,-48.6810999904338+0i,-50.5284378299281+0i,-0,0,-0.0712951938310395+0i,-0.0701212901806186+0i
3.91857467620495+0i,1.53734034703493+0i,-48.7524032682946+0i,-50.598550899796+0i,-0,0,-0.0713032778608216+0i,-0.0701130698679103+0i
3.90910474391418+0i,1.53722802364214+0i,-48.8243673050543+0i,-50.6679855987098+0i,0,0,-0.0719640367597249+0i,-0.0694346989137633+0i
3.90476692271647+0i,1.53710518210031+0i,-48.8966318591167+0i,-50.7371074782138+0i,-0,-0,-0.0722645540624243+0i,-0.0691218795039527+0i
3.89415492070356+0i,1.53698780468372+0i,-48.9696258519529+0i,-50.8054586084885+0i,-0,-0,-0.0729939928361378+0i,-0.0683511302747647+0i
3.90405390996893+0i,1.53686714964238+0i,-49.0419396724232+0i,-50.8745289448783+0i,0,-0,-0.0723138204702834+0i,-0.0690703363897385+0i
3.90298016371885+0i,1.53675713738507+0i,-49.1143276152075+0i,-50.9435215947727+0i,0,0,-0.0723879427843036+0i,-0.0689926498944372+0i
3.86332386323676+0i,1.53664013939589+0i,-49.1893939222067+0i,-51.0095901164263+0i,-0,-0,-0.0750663069992679+0i,-0.0660685216535958+0i
3.86785407833148+0i,1.53652261266717+0i,-49.2641601553298+0i,-51.0759980254778+0i,-0,-0,-0.074766233123033+0i,-0.0664079090514999+0i
3.84852499726239+0i,1.53640204126397+0i,-49.3401959459859+0i,-51.1409484568797+0i,0,-0,-0.0760357906561146+0i,-0.0649504314019508+0i
3.83972023571101+0i,1.5363000123277+0i,-49.4168006550405+0i,-51.2052269023389+0i,-0,-0,-0.0766047090546716+0i,-0.0642784454591827+0i
3.82551599891828+0i,1.53619271216464+0i,-49.4943106318872+0i,-51.2684107886489+0i,-0,-0,-0.0775099768466192+0i,-0.0631838863100123+0i
3.82069025063007+0i,1.53609798376296+0i,-49.5721246145631+0i,-51.3312198970657+0i,-0,0,-0.0778139826759041+0i,-0.0628091084168061+0i
3.81468123737991+0i,1.5359878011006+0i,-49.6503146108736+0i,-51.3935602890838+0i,-0,0,-0.0781899963105192+0i,-0.0623403920180247+0i
3.81651237626464+0i,1.53588068000193+0i,-49.7283903222438+0i,-51.4560437532486+0i,0,0,-0.0780757113701865+0i,-0.0624834641648439+0i
3.80886530864483+0i,1.53575447507792+0i,-49.806941561402+0i,-51.5179283460542+0i,-0,0,-0.078551239158199+0i,-0.0618845928055718+0i
3.81608332565443+0i,1.53565122963664+0i,-49.8850440741535+0i,-51.5803783060373+0i,-0,-0,-0.0781025127515302+0i,-0.0624499599831502+0i
3.81414064911608+0i,1.53550942967127+0i,-49.9632677595217+0i,-51.642676420354+0i,0,-0,-0.0782236853682125+0i,-0.0622981143166861+0i
3.84260896196266+0i,1.53538987836375+0i,-50.0396864663789+0i,-51.7071758873462+0i,0,-0,-0.0764187068571611+0i,-0.0644994669922108+0i
3.85781100959111+0i,1.53520682029981+0i,-50.1151158569357+0i,-51.7728295775717+0i,0,0,-0.07542939055681+0i,-0.0656536902255176+0i
3.87456586676262+0i,1.53506080336668+0i,-50.1894346935373+0i,-51.8397378022245+0i,-0,-0,-0.074318836601561+0i,-0.0669082246528069+0i
3.86476111228541+0i,1.53492122655339+0i,-50.2644059661177+0i,-51.905914144581+0i,0,-0,-0.0749712725804155+0i,-0.0661763423564119+0i
3.87736795840608+0i,1.53479756572451+0i,-50.3385370282223+0i,-51.9730303544802+0i,-0,-0,-0.0741310621046591+0i,-0.0671162098992127+0i
3.87140169083592+0i,1.53466102326191+0i,-50.4130672018242+0i,-52.0397030867091+0i,-0,0,-0.074530173601902+0i,-0.0666727322289281+0i
3.86646603157554+0i,1.5345323247675+0i,-50.4879255401753+0i,-52.1060071527934+0i,0,-0,-0.0748583383511018+0i,-0.0663040660843056+0i
3.86868610892532+0i,1.53440330345517+0i,-50.5626364940134+0i,-52.1724772466448+0i,-0,-0,-0.0747109538380123+0i,-0.0664700938514036+0i
3.86701707422797+0i,1.53426893538314+0i,-50.6374582846326+0i,-52.2388225527978+0i,0,-0,-0.0748217906192166+0i,-0.066345306152991+0i
3.87715629622823+0i,1.53413611520394+0i,-50.7116035510397+0i,-52.3059230704516+0i,-0,-0,-0.0741452664071411+0i,-0.0671005176538458+0i
3.87290899955354+0i,1.53399618843387+0i,-50.7860331436237+0i,-52.3727080668789+0i,0,-0,-0.0744295925839403+0i,-0.0667849964272565+0i
3.88615887945761+0i,1.53386190294379+0i,-50.8595713356085+0i,-52.4404733553354+0i,-0,0,-0.0735381919848778+0i,-0.0677652884565193+0i
3.87431745712913+0i,1.53372198489573+0i,-50.9339067905645+0i,-52.5073631164091+0i,0,0,-0.0743354549559441+0i,-0.0668897610736711+0i
3.87774695983955+0i,1.5335863562617+0i,-51.0080124102058+0i,-52.5745074172661+0i,-0,0,-0.0741056196413372+0i,-0.067144300856986+0i
3.87689162391324+0i,1.53344612828274+0i,-51.0821754336651+0i,-52.6415883083706+0i,0,0,-0.0741630234592871+0i,-0.0670808911045257+0i
3.8847938693358+0i,1.53330634661511+0i,-51.1558060574158+0i,-52.70925315335+0i,-0,-0,-0.0736306237506984+0i,-0.0676648449793767+0i
3.89810570309735+0i,1.53316379959118+0i,-51.2285294408431+0i,-52.7778921328215+0i,0,-0,-0.072723383427295+0i,-0.0686389794714827+0i
3.88927342210468+0i,1.53302456048049+0i,-51.3018562186145+0i,-52.8458861300687+0i,-0,0,-0.0733267777714475+0i,-0.0679939972472331+0i
3.8767575267268+0i,1.53287859717859+0i,-51.3760282367658+0i,-52.9129570755173+0i,0,0,-0.0741720181512193+0i,-0.0670709454486457+0i
3.8666307487031+0i,1.5327354828425+0i,-51.4508756526861+0i,-52.9792734711526+0i,-0,0,-0.0748474159203219+0i,-0.066316395635245+0i
3.86700556395681+0i,1.53259549680255+0i,-51.5256982069528+0i,-53.0456179160821+0i,0,0,-0.0748225542667244+0i,-0.0663444449294971+0i
3.87363131486916+0i,1.53244874997442+0i,-51.6000795402987+0i,-53.1124566567171+0i,-0,-0,-0.0743813333459364+0i,-0.066838740635059+0i
3.87442581172941+0i,1.53229715741799+0i,-51.674407747005+0i,-53.1793544719866+0i,0,0,-0.0743282067062588+0i,-0.0668978152694964+0i
3.85904517609997+0i,1.53214798486247+0i,-51.7497560525509+0i,-53.2451012046154+0i,-0,0,-0.0753483055459496+0i,-0.0657467326287339+0i
3.86091577744254+0i,1.53200956856669+0i,-51.8249812404148+0i,-53.3109887687746+0i,0,0,-0.0752251878638993+0i,-0.0658875641592634+0i
3.87911593274871+0i,1.53185669760448+0i,-51.8989948719158+0i,-53.3782344552685+0i,0,-0,-0.0740136315009978+0i,-0.0672456864938897+0i
3.90895384380204+0i,1.53169297522661+0i,-51.97096938556+0i,-53.4476582940106+0i,0,-0,-0.0719745136441967+0i,-0.0694238387420441+0i
3.92061369859281+0i,1.53154885942712+0i,-52.0421295531752+0i,-53.5179166070062+0i,-0,0,-0.0711601676151022+0i,-0.0702583129956204+0i
3.90996496280176+0i,1.53140764841653+0i,-52.1140338342769+0i,-53.587413185046+0i,0,-0,-0.0719042811017848+0i,-0.0694965780397533+0i
3.91211374553128+0i,1.53123948557209+0i,-52.1857886164464+0i,-53.6570641092021+0i,-0,-0,-0.0717547821694745+0i,-0.0696509241561896+0i
3.89259392053105+0i,1.53108462528981+0i,-52.2588892164324+0i,-53.7253012126115+0i,0,0,-0.073100599985957+0i,-0.0682371034093118+0i
3.86807135939637+0i,1.53091320685652+0i,-52.3336410186094+0i,-53.791725365382+0i,0,0,-0.0747518021770537+0i,-0.0664241527705294+0i
3.86913124322499+0i,1.53075873961935+0i,-52.408322376928+0i,-53.8582287090551+0i,0,0,-0.0746813583185301+0i,-0.0665033436730765+0i
3.85966722854988+0i,1.53059706351654+0i,-52.4836297699824+0i,-53.9240222995585+0i,0,-0,-0.0753073930544971+0i,-0.0657935905034486+0i
3.88665285349786+0i,1.53044308199224+0i,-52.5571344787033+0i,-53.9918239057036+0i,0,-0,-0.0735047087208713+0i,-0.067801606145134+0i
3.88939604084585+0i,1.53026556783726+0i,-52.6304529185852+0i,-54.0598268936769+0i,-0,-0,-0.0733184398818718+0i,-0.068002987973238+0i
3.89755824262991+0i,1.53010082286908+0i,-52.7032138682403+0i,-54.1284260496869+0i,0,0,-0.072760949655134+0i,-0.0685991560099908+0i
3.87860707891448+0i,1.52993706313776+0i,-52.777261708383+0i,-54.1956340653562+0i,-0,0,-0.0740478401426723+0i,-0.0672080156693028+0i
3.89069053991746+0i,1.529767617209+0i,-52.8504920570538+0i,-54.263731906978+0i,0,0,-0.0732303486707921+0i,-0.0680978416218474+0i
3.88000162684137+0i,1.5295979484238+0i,-52.9244461004252+0i,-54.331043120524+0i,-0,0,-0.073954043371357+0i,-0.0673112135459424+0i
3.8889614333745+0i,1.5294276834909+0i,-52.9977940879884+0i,-54.3990142373341+0i,-0,0,-0.0733479875632618+0i,-0.0679711168101539+0i
3.8606769271951+0i,1.52925527867418+0i,-53.0730350109674+0i,-54.4648838320594+0i,-0,-0,-0.0752409229789747+0i,-0.0658695947252752+0i
3.88780863720399+0i,1.52909510739009+0i,-53.146461306619+0i,-54.5327703484444+0i,-0,0,-0.0734262956515749+0i,-0.0678865163849752+0i
3.88546808373736+0i,1.52890707673715+0i,-53.2200462930252+0i,-54.6004848208679+0i,-0,0,-0.0735849864062369+0i,-0.0677144724235073+0i
3.88456134363024+0i,1.52873074548092+0i,-53.293692648601+0i,-54.6681325430054+0i,-0,0,-0.0736463555758395+0i,-0.0676477221375341+0i
3.87312462054318+0i,1.52855302934898+0i,-53.3681078392079+0i,-54.7349335864625+0i,-0,-0,-0.0744151906068233+0i,-0.0668010434570461+0i
3.88258021048932+0i,1.5283772566582+0i,-53.4418880693134+0i,-54.8024352727049+0i,-0,0,-0.0737802301055851+0i,-0.0675016862423963+0i
3.88313205123676+0i,1.52819320551793+0i,-53.5156310380058+0i,-54.8699776636044+0i,-0,-0,-0.0737429686924056+0i,-0.0675423908995743+0i
3.90105788506973+0i,1.52801079749699+0i,-53.588151470064+0i,-54.9388310363185+0i,0,0,-0.0725204320581642+0i,-0.0688533727140305+0i
3.904221654042+0i,1.52783164035886+0i,-53.6604537033774+0i,-55.0079135019512+0i,-0,-0,-0.0723022333133974+0i,-0.0690824656327135+0i
3.90570123725644+0i,1.52764854170926+0i,-53.7326536443307+0i,-55.0771028690991+0i,-0,0,-0.0721999409533302+0i,-0.0691893671479631+0i
3.90780344386453+0i,1.5274628074471+0i,-53.8047079755108+0i,-55.146443862445+0i,-0,-0,-0.0720543311800803+0i,-0.0693409933458651+0i
3.91029355153295+0i,1.52727617134186+0i,-53.8765894169388+0i,-55.215964063669+0i,-0,0,-0.0718814414280228+0i,-0.0695202012240307+0i
3.92950866756741+0i,1.52708855395526+0i,-53.9471218321861+0i,-55.2868525563839+0i,-0,-0,-0.0705324152472619+0i,-0.0708884927148815+0i
3.94142789891852+0i,1.5269260857458+0i,-54.0168043209519+0i,-55.3585766859318+0i,0,0,-0.0696824887657831+0i,-0.0717241295479179+0i
3.97350466493761+0i,1.5267597760791+0i,-54.0841506803694+0i,-55.4324987250894+0i,-0,0,-0.0673463594174702+0i,-0.0739220391575673+0i
3.95844955203002+0i,1.52666966670174+0i,-54.1526022702937+0i,-55.5053985182087+0i,-0,-0,-0.0684515899242956+0i,-0.0728997931192954+0i
3.96475652814798+0i,1.52642047291797+0i,-54.2205927245845+0i,-55.5787285811114+0i,0,0,-0.0679904542908769+0i,-0.0733300629027426+0i
3.9550244519703+0i,1.52624574589483+0i,-54.2892936015934+0i,-55.6513934935398+0i,0,-0,-0.0687008770088328+0i,-0.0726649124283325+0i
3.963561123598+0i,1.52601406595911+0i,-54.3573716663753+0i,-55.7246422279694+0i,0,-0,-0.0680780647819404+0i,-0.0732487344296536+0i
3.94763089783355+0i,1.52584305543709+0i,-54.4266079127074+0i,-55.7967972152804+0i,0,-0,-0.0692362463320502+0i,-0.0721549873109798+0i
3.93677283628032+0i,1.52558851056392+0i,-54.4966235255883+0i,-55.8681961925344+0i,0,-0,-0.0700156128809078+0i,-0.0713989772539555+0i
3.93959766761981+0i,1.52535439647908+0i,-54.5664371693182+0i,-55.9397926669528+0i,-0,0,-0.0698136437299596+0i,-0.0715964744184117+0i
3.92032492587008+0i,1.52515473942606+0i,-54.6376176226504+0i,-56.0100304279039+0i,-0,0,-0.0711804533321462+0i,-0.0702377609511448+0i
3.91012975824142+0i,1.52490356848438+0i,-54.7095104500567+0i,-56.0795388544975+0i,-0,0,-0.0718928274063321+0i,-0.0695084265936393+0i
3.90006535982602+0i,1.52467656246923+0i,-54.782099185094+0i,-56.1483202149499+0i,-0,0,-0.0725887350373109+0i,-0.0687813604524007+0i
3.8729759311201+0i,1.5244521722567+0i,-54.8565243074868+0i,-56.2151101929168+0i,-0,-0,-0.0744251223927935+0i,-0.0667899779668904+0i
3.87233533711925+0i,1.52423087204942+0i,-54.9309921998653+0i,-56.2818524808961+0i,0,-0,-0.0744678923784988+0i,-0.0667422879792439+0i
3.85966384418331+0i,1.52401325485479+0i,-55.006299815589+0i,-56.3476458165313+0i,0,-0,-0.0753076157236941+0i,-0.0657933356352482+0i
3.84992054614278+0i,1.52380315618807+0i,-55.0822448907307+0i,-56.412702296314+0i,-0,0,-0.0759450751417187+0i,-0.0650564797827142+0i
3.85615669623773+0i,1.52359420740219+0i,-55.1577827897987+0i,-56.4782311129095+0i,-0,0,-0.0755378990679387+0i,-0.0655288165954637+0i
3.87270798407506+0i,1.52336163724832+0i,-55.2322258056968+0i,-56.5450011464874+0i,0,-0,-0.0744430158981151+0i,-0.0667700335778932+0i
3.84754815381095+0i,1.52312101252326+0i,-55.3083250064688+0i,-56.6098772718484+0i,0,-0,-0.0760992007720552+0i,-0.0648761253609864+0i
3.84489671710664+0i,1.52292022517037+0i,-55.3845959544864+0i,-56.6745513971885+0i,0,0,-0.0762709480175532+0i,-0.0646741253400747+0i
3.83937257636908+0i,1.52269486451332+0i,-55.4612230059132+0i,-56.7388032064209+0i,0,-0,-0.0766270514267782+0i,-0.0642518092324091+0i
3.83297774805748+0i,1.5224737302428+0i,-55.5382593670469+0i,-56.8025636884084+0i,0,0,-0.0770363611336961+0i,-0.0637604819875036+0i
3.82630483218436+0i,1.52225432117864+0i,-55.6157194782316+0i,-56.8658086975019+0i,0,-0,-0.0774601111847891+0i,-0.0632450090935254+0i
3.84069924573449+0i,1.52203588802161+0i,-55.6922612213427+0i,-56.9301621089229+0i,0,0,-0.0765417431110301+0i,-0.0643534114210357+0i
3.84196867566344+0i,1.5217615817652+0i,-55.7687212106575+0i,-56.9946126328462+0i,0,0,-0.076459989314805+0i,-0.0644505239232383+0i
3.84167265457649+0i,1.5215176029304+0i,-55.8452002753361+0i,-57.0590405201768+0i,-0,-0,-0.0764790646786362+0i,-0.0644278873305728+0i
3.83355982367295+0i,1.52127453431634+0i,-55.9221995099997+0i,-57.1228458323476+0i,-0,-0,-0.076999234663574+0i,-0.0638053121708833+0i
3.83132906327495+0i,1.52104764702302+0i,-55.9993408873235+0i,-57.1864792190608+0i,-0,0,-0.0771413773238407+0i,-0.063633386713115+0i
3.84601494987148+0i,1.52080539766493+0i,-56.0755394669439+0i,-57.2512385926204+0i,0,-0,-0.0761985796203433+0i,-0.0647593735596801+0i
3.85235846656149+0i,1.5205201134312+0i,-56.1513257140343+0i,-57.3164800269391+0i,-0,0,-0.0757862470904015+0i,-0.0652414343186338+0i
3.86397483992274+0i,1.52025462708751+0i,-56.2263489960639+0i,-57.382597401006+0i,-0,0,-0.0750232820295839+0i,-0.066117374066954+0i
3.87141620259236+0i,1.51998175822494+0i,-56.3008782021195+0i,-57.4492712147917+0i,0,0,-0.0745292060556029+0i,-0.0666738137856347+0i
3.88359500793552+0i,1.51971537987708+0i,-56.374589893708+0i,-57.5168477382532+0i,-0,-0,-0.0737116915885806+0i,-0.0675765234615541+0i
3.87955377547605+0i,1.5194479617492+0i,-56.4485740750808+0i,-57.5841258246306+0i,0,0,-0.0739841813727249+0i,-0.0672780863774212+0i
3.85975549965184+0i,1.51918365575042+0i,-56.5238756601691+0i,-57.6499260623443+0i,-0,0,-0.0753015850883795+0i,-0.0658002377136856+0i
3.84177792268285+0i,1.51893237635224+0i,-56.6003479422223+0i,-57.7143620001242+0i,0,0,-0.0764722820532059+0i,-0.0644359377798983+0i
3.83021450413791+0i,1.51869532534559+0i,-56.67756019479+0i,-57.7779093687042+0i,0,0,-0.0772122525676111+0i,-0.0635473685799454+0i
3.84993795361982+0i,1.51845361964149+0i,-56.753504137451+0i,-57.8429671704892+0i,0,-0,-0.0759439426610339+0i,-0.0650578017850096+0i
3.8398360900095+0i,1.51813021149408+0i,-56.8301013990574+0i,-57.9072544905018+0i,0,-0,-0.0765972616063788+0i,-0.0642873200126119+0i
3.87642294873633+0i,1.51787420136595+0i,-56.9042958535188+0i,-57.9743006158721+0i,-0,0,-0.0741944544614497+0i,-0.0670461253702842+0i
3.90235214110858+0i,1.51753662555062+0i,-56.976727110969+0i,-58.0432477908989+0i,-0,0,-0.0724312574501812+0i,-0.068947175026868+0i
3.88075453126498+0i,1.51725513607778+0i,-57.0506304544737+0i,-58.1106146656878+0i,-0,-0,-0.0739033435047265+0i,-0.0673668747888931+0i
3.87235614305686+0i,1.51696102097844+0i,-57.1250969582002+0i,-58.177358503027+0i,0,-0,-0.0744665037265011+0i,-0.0667438373391206+0i
3.89416394776886+0i,1.51667416311804+0i,-57.1980903340233+0i,-58.2457102922205+0i,-0,0,-0.0729933758230471+0i,-0.06835178919352+0i
3.89567160930045+0i,1.5163753802233+0i,-57.2709805755636+0i,-58.3141720529938+0i,0,-0,-0.0728902415403688+0i,-0.0684617607733449+0i
3.90449040697597+0i,1.5160781548164+0i,-57.3432642401508+0i,-58.3832739475688+0i,-0,-0,-0.0722836645871688+0i,-0.0691018945749657+0i
3.88720759374465+0i,1.51578361093069+0i,-57.4167313252838+0i,-58.4511163192996+0i,-0,0,-0.0734670851330252+0i,-0.0678423717307763+0i
3.90116585964602+0i,1.51547017984742+0i,-57.4892443225055+0i,-58.5199775219751+0i,-0,0,-0.0725129972216939+0i,-0.068861202675575+0i
3.89893011009809+0i,1.5151682683676+0i,-57.5619110947709+0i,-58.5886764317811+0i,0,0,-0.0726667722653953+0i,-0.0686989098059727+0i
3.8882590479179+0i,1.51485526394277+0i,-57.6353068061612+0i,-58.6565960132692+0i,0,0,-0.0733957113903097+0i,-0.0679195814880389+0i
3.86643453359127+0i,1.51453603942682+0i,-57.7101672329196+0i,-58.7228977214338+0i,-0,0,-0.0748604267583975+0i,-0.0663017081646514+0i
3.87983035726611+0i,1.51422890355482+0i,-57.7841328035692+0i,-58.790196267915+0i,0,-0,-0.0739655706495979+0i,-0.0672985464811785+0i
3.86149049269251+0i,1.51389669022924+0i,-57.859320112424+0i,-58.8561270542533+0i,-0,0,-0.0751873088547281+0i,-0.0659307863382785+0i
3.85692808620397+0i,1.51358786949458+0i,-57.9348074407512+0i,-58.9217141205242+0i,-0,-0,-0.0754873283272021+0i,-0.0655870662708829+0i
3.82478817259869+0i,1.51326607688283+0i,-58.0123633839594+0i,-58.9848415763027+0i,-0,0,-0.0775559432082659+0i,-0.0631274557785773+0i
3.82571563130643+0i,1.51302040114492+0i,-58.0898607457115+0i,-59.0480409348554+0i,-0,-0,-0.0774973617520802+0i,-0.0631993585526563+0i
3.82660788098843+0i,1.51268238813029+0i,-58.1673016870153+0i,-59.1113094152384+0i,0,-0,-0.0774409413038004+0i,-0.0632684803830576+0i
3.84512162540853+0i,1.51234054940545+0i,-58.2435580873562+0i,-59.176000692912+0i,0,0,-0.0762564003409341+0i,-0.0646912776736029+0i
3.85001514998608+0i,1.51194013700023+0i,-58.3194970075651+0i,-59.2410643570996+0i,0,-0,-0.075938920208859+0i,-0.0650636641875675+0i
3.87432573737283+0i,1.51158013935419+0i,-58.393831908655+0i,-59.3079547336867+0i,0,-0,-0.0743349010898735+0i,-0.0668903765870601+0i
3.86770294788175+0i,1.51118899598699+0i,-58.4686081771813+0i,-59.3743513425254+0i,0,0,-0.0747762685263097+0i,-0.0663966088387142+0i
3.84968517687688+0i,1.5108384864958+0i,-58.5445685625151+0i,-59.4393899453697+0i,-0,0,-0.0759603853338372+0i,-0.0650386028442722+0i
3.87561097432734+0i,1.51050989362156+0i,-58.6188174322503+0i,-59.5063758046464+0i,0,-0,-0.0742488697351991+0i,-0.0669858592767565+0i
3.89500521895419+0i,1.51010258728131+0i,-58.6917532798594+0i,-59.574788976869+0i,0,-0,-0.0729358476090534+0i,-0.0684131722225255+0i
3.88937670054428+0i,1.50972745019391+0i,-58.7650730349258+0i,-59.6427905468287+0i,-0,0,-0.0733197550664549+0i,-0.0680015699597816+0i
3.87454799096391+0i,1.50935082549239+0i,-58.8393930675535+0i,-59.7096974429623+0i,-0,0,-0.0743200326276426+0i,-0.0669068961335536+0i
3.88236120782143+0i,1.50897715280302+0i,-58.913188078939+0i,-59.7771829695188+0i,0,0,-0.0737950113855109+0i,-0.0674855265565315+0i
3.88877841850891+0i,1.50858723922995+0i,-58.9865485049986+0i,-59.8451406614186+0i,-0,0,-0.0733604260596245+0i,-0.0679576918998163+0i
3.89727474281873+0i,1.50819617659334+0i,-59.0593288995773+0i,-59.9137191869567+0i,-0,-0,-0.0727803945786726+0i,-0.0685785255380482+0i
3.90129128765098+0i,1.50780376715509+0i,-59.1318332591053+0i,-59.9825894842511+0i,0,0,-0.0725043595280516+0i,-0.068870297294458+0i
3.91739633153298+0i,1.50740689063874+0i,-59.2032191048072+0i,-60.0526184856251+0i,0,-0,-0.0713858457018586+0i,-0.0700290013739339+0i
3.91728447935606+0i,1.50702376078137+0i,-59.2746127829587+0i,-60.1226395018987+0i,0,-0,-0.0713936781515431+0i,-0.0700210162736437+0i
3.9117781614764+0i,1.50661430699595+0i,-59.3463909348269+0i,-60.1922663423727+0i,-0,-0,-0.0717781518681983+0i,-0.0696268404739571+0i
3.90510474695841+0i,1.50619031894504+0i,-59.4186321337197+0i,-60.2614126306501+0i,0,-0,-0.0722411988927203+0i,-0.0691462882774081+0i
3.90542869173106+0i,1.50576124670924+0i,-59.4908509292436+0i,-60.3305823174577+0i,0,-0,-0.0722187955239727+0i,-0.0691696868076372+0i
3.89819606695497+0i,1.50533570842526+0i,-59.563568109891+0i,-60.3992278682144+0i,-0,0,-0.0727171806474193+0i,-0.0686455507566994+0i
3.88725498280944+0i,1.50489753504493+0i,-59.637031979955+0i,-60.4670737214055+0i,0,0,-0.0734638700639839+0i,-0.0678458531910543+0i
3.88086852162181+0i,1.50445665990212+0i,-59.7109276438055+0i,-60.5344490200252+0i,-0,-0,-0.0738956638505045+0i,-0.0673752986196962+0i
3.89306693230983+0i,1.5040150436972+0i,-59.7839959586613+0i,-60.6027206932443+0i,-0,0,-0.0730683148557293+0i,-0.0682716732191618+0i
3.88251957831454+0i,1.50356478994608+0i,-59.8577802814053+0i,-60.6702179059069+0i,0,0,-0.0737843227440027+0i,-0.0674972126625155+0i
3.86929912799719+0i,1.50310960051691+0i,-59.9324504737727+0i,-60.7367337865055+0i,-0,0,-0.074670192367421+0i,-0.0665158805986385+0i
3.87077818734628+0i,1.5026592350056+0i,-60.0070222035661+0i,-60.8033600359544+0i,0,0,-0.0745717297933689+0i,-0.0666262494488829+0i
3.8966597105937+0i,1.50218969678531+0i,-60.0798447623801+0i,-60.8718937862368+0i,-0,-0,-0.0728225588140405+0i,-0.0685337502824383+0i
3.86690392277766+0i,1.50170701975224+0i,-60.1546740595879+0i,-60.938230625771+0i,-0,-0,-0.0748292972078317+0i,-0.0663368395341682+0i
3.85903762046692+0i,1.5012398435447+0i,-60.2300228618899+0i,-61.0039767890937+0i,0,-0,-0.0753488023019851+0i,-0.0657461633227093+0i
3.8559603782411+0i,1.50076684342923+0i,-60.3055736239881+0i,-61.0694907749775+0i,0,0,-0.0755507620982077+0i,-0.0655139858837792+0i
3.87043105212332+0i,1.50027992401284+0i,-60.3801684776059+0i,-61.1360911339385+0i,0,0,-0.0745948536178081+0i,-0.066600358961028+0i
3.89778481970434+0i,1.49975222699824+0i,-60.4529138823975+0i,-61.2047067741506+0i,-0,0,-0.0727454047915192+0i,-0.0686156402121121+0i
3.89801212731571+0i,1.49923376792861+0i,-60.5256436884525+0i,-61.2733389481741+0i,0,0,-0.0727298060550425+0i,-0.0686321740235285+0i
3.89342723076046+0i,1.49871769925459+0i,-60.598687400388+0i,-61.341636943362+0i,0,-0,-0.0730437119354982+0i,-0.068297995187882+0i
3.90868559734332+0i,1.49819165540153+0i,-60.6706805341414+0i,-61.4110414726982+0i,-0,-0,-0.0719931337533618+0i,-0.0694045293361359+0i
3.89277410330588+0i,1.49767411355132+0i,-60.7437688377901+0i,-61.4792917464687+0i,0,0,-0.0730883036487493+0i,-0.0682502737705001+0i
3.8943539953773+0i,1.49712081057352+0i,-60.816749222201+0i,-61.5476574066442+0i,-0,-0,-0.0729803844108657+0i,-0.0683656601755755+0i
3.90995320057616+0i,1.49657406376008+0i,-60.8886543207322+0i,-61.6171531389248+0i,0,-0,-0.0719050985312395+0i,-0.0694957322805706+0i
3.87735293337941+0i,1.49603467865946+0i,-60.9627863912514+0i,-61.6842682349953+0i,0,-0,-0.0741320705191353+0i,-0.0671150960704516+0i
3.88722665894893+0i,1.4954582909946+0i,-61.0362521829424+0i,-61.7521120073787+0i,0,-0,-0.0734657916909979+0i,-0.0678437723834318+0i
3.9046213793999+0i,1.49488109056051+0i,-61.1085267964669+0i,-61.8212233685277+0i,-0,-0,-0.0722746135245947+0i,-0.0691113611490215+0i
3.88892345918766+0i,1.49430980475799+0i,-61.1818773651252+0i,-61.8891916999587+0i,0,-0,-0.0733505686582649+0i,-0.0679683314309625+0i
3.89582961931786+0i,1.49370954534615+0i,-61.2547567881117+0i,-61.9576649772657+0i,-0,0,-0.0728794229864707+0i,-0.0684732773069836+0i
3.87982056131317+0i,1.49311223985127+0i,-61.3287230180111+0i,-62.0249627991804+0i,0,0,-0.0739662298994435+0i,-0.0672978219146999+0i
3.86728375351781+0i,1.49250419293843+0i,-61.4035271130508+0i,-62.0913280563959+0i,-0,0,-0.0748040950397149+0i,-0.0663652572155741+0i
3.86950055144105+0i,1.49190093903069+0i,-61.4781839060459+0i,-62.1578589759724+0i,0,0,-0.0746567929950329+0i,-0.0665309195765157+0i
3.88325010330124+0i,1.49126950507534+0i,-61.5519189007058+0i,-62.225410071911+0i,0,-0,-0.0737349946598869+0i,-0.0675510959386037+0i
3.88604686076602+0i,1.49061748885887+0i,-61.6254646832082+0i,-62.2931671222904+0i,0,-0,-0.0735457825024241+0i,-0.0677570503793231+0i
3.85394777707787+0i,1.48996776843595+0i,-61.70114714573+0i,-62.3585289220409+0i,0,-0,-0.075682462521866+0i,-0.0653617997505145+0i
3.85752894627102+0i,1.48935905202385+0i,-61.7765950517839+0i,-62.4241613337907+0i,0,0,-0.0754479060538356+0i,-0.065632411749772+0i
3.84820274945632+0i,1.48868040065977+0i,-61.8526517686257+0i,-62.489087259454+0i,0,0,-0.076056716841858+0i,-0.0649259256633083+0i
3.84799227467656+0i,1.48802943152595+0i,-61.9287221490528+0i,-62.5539971756586+0i,-0,-0,-0.0760703804270199+0i,-0.0649099162046021+0i
3.83730917308161+0i,1.48733984076613+0i,-62.005481614655+0i,-62.6180907357131+0i,-0,0,-0.0767594656022186+0i,-0.0640935600545158+0i
3.84757892032743+0i,1.48668177956708+0i,-62.0815788193786+0i,-62.6829692023507+0i,-0,-0,-0.0760972047236586+0i,-0.0648784666375956+0i
3.8657383059483+0i,1.48592633903687+0i,-62.1564853890716+0i,-62.7492187745518+0i,0,0,-0.0749065696930127+0i,-0.0662495722010779+0i
3.87566069719747+0i,1.48514560739201+0i,-62.2307309279859+0i,-62.8162083256126+0i,0,-0,-0.0742455389142345+0i,-0.066989551060855+0i
3.90606437354789+0i,1.48438721973674+0i,-62.3029057390091+0i,-62.8854239066169+0i,0,0,-0.0721748110232592+0i,-0.0692155810042567+0i
3.89245936674689+0i,1.48363222976831+0i,-62.3760155198938+0i,-62.9536511734462+0i,-0,0,-0.0731097808846801+0i,-0.0682272668292821+0i
3.9128075189661+0i,1.48285495069035+0i,-62.4477219628377+0i,-63.0233518623978+0i,0,-0,-0.0717064429438987+0i,-0.0697006889516409+0i
3.9243944466157+0i,1.48209511022427+0i,-62.5186159935246+0i,-63.093878711278+0i,-0,0,-0.07089403068688+0i,-0.0705268488801798+0i
3.91353834356971+0i,1.48133016566445+0i,-62.5902714783453+0i,-63.163631786444+0i,0,0,-0.0716554848206886+0i,-0.0697530751659887+0i
3.90246681233985+0i,1.48049373072484+0i,-62.6626948290618+0i,-63.232587266799+0i,0,0,-0.0724233507165279+0i,-0.0689554803550145+0i
3.90611935204629+0i,1.47965185932374+0i,-62.7348658346073+0i,-63.3018068157614+0i,0,0,-0.0721710055454721+0i,-0.0692195489623808+0i
3.88092029078846+0i,1.4788172707119+0i,-62.8087580103957+0i,-63.3691859398077+0i,-0,-0,-0.073892175788422+0i,-0.0673791240463464+0i
3.88151116408098+0i,1.47795428007084+0i,-62.8826103607625+0i,-63.4366087130026+0i,0,-0,-0.073852350366833+0i,-0.0674227731949268+0i
3.90008754006322+0i,1.47708252031834+0i,-62.9551975701951+0i,-63.5053916834735+0i,-0,-0,-0.0725872094325658+0i,-0.0687829704708428+0i
3.89355528330631+0i,1.47619558846195+0i,-63.0282325357996+0i,-63.5736990315347+0i,0,0,-0.0730349656044958+0i,-0.0683073480611721+0i
3.87671502960761+0i,1.47528657859336+0i,-63.1024074042058+0i,-63.6407668248256+0i,-0,-0,-0.0741748684062038+0i,-0.0670677932909854+0i
3.85655415266554+0i,1.47437263736917+0i,-63.1779192524586+0i,-63.706325659268+0i,-0,-0,-0.0755118482528398+0i,-0.0655588344423549+0i
3.86987007154958+0i,1.47348054738198+0i,-63.2525514558446+0i,-63.7728841614879+0i,0,-0,-0.0746322033859597+0i,-0.0665585022199024+0i
3.88334315984428+0i,1.47248667818312+0i,-63.3262801641138+0i,-63.8404421186577+0i,-0,0,-0.0737287082691743+0i,-0.0675579571698182+0i
3.89713026686363+0i,1.47148972260252+0i,-63.3990704658808+0i,-63.9090101284631+0i,-0,-0,-0.0727903017670312+0i,-0.0685680098053352+0i
3.87996466784517+0i,1.470491030033+0i,-63.4730269969565+0i,-63.9763186086958+0i,0,-0,-0.0739565310757323+0i,-0.0673084802327629+0i
3.88078880062178+0i,1.46947719872097+0i,-63.5469280317984+0i,-64.0436880160652+0i,0,0,-0.0739010348418626+0i,-0.0673694073693825+0i
3.89780086041769+0i,1.46843751706019+0i,-63.6196723359367+0i,-64.1123048231567+0i,0,-0,-0.0727443041383447+0i,-0.06861680709147+0i
3.90835981025549+0i,1.4673738994688+0i,-63.6916880769686+0i,-64.1816858943766+0i,0,0,-0.0720157410318804+0i,-0.0693810712199598+0i
3.90607435108046+0i,1.46630495200765+0i,-63.7638621973876+0i,-64.250902195504+0i,0,0,-0.0721741204189523+0i,-0.0692163011273398+0i
3.90120648062141+0i,1.46519576810347+0i,-63.8363723973402+0i,-64.3197663436714+0i,0,0,-0.0725101999526497+0i,-0.0688641481674373+0i
3.90213374956013+0i,1.46405986151056+0i,-63.9088187105433+0i,-64.3886976986797+0i,0,0,-0.072446313203077+0i,-0.0689313550083101+0i
3.90778430625451+0i,1.46290734044196+0i,-63.9808743687311+0i,-64.4580373130652+0i,-0,0,-0.0720556581877747+0i,-0.0693396143854765+0i
3.89730270972471+0i,1.46173773770272+0i,-64.0536528453521+0i,-64.5266178740189+0i,0,-0,-0.0727784766210342+0i,-0.0685805609536811+0i
3.87525137461091+0i,1.460518433914+0i,-64.1279257983822+0i,-64.5935770290927+0i,-0,0,-0.0742729530300477+0i,-0.0669591550737935+0i
3.87343009808639+0i,1.45929620042938+0i,-64.2023205792986+0i,-64.6604008016021+0i,-0,0,-0.0743947809164178+0i,-0.066823772509476+0i
3.88531504015936+0i,1.45803997855447+0i,-64.2759159281081+0i,-64.7281040115231+0i,0,0,-0.0735953488095718+0i,-0.0677032099209296+0i
3.87850045495318+0i,1.45673594372739+0i,-64.3499709338148+0i,-64.7953041315363+0i,-0,0,-0.074055005706608+0i,-0.067200120013243+0i
3.88096726893534+0i,1.45542415066051+0i,-64.4238599441753+0i,-64.8626867268258+0i,0,-0,-0.0738890103604993+0i,-0.0673825952894813+0i
3.84993754250009+0i,1.45407137535006+0i,-64.4998039135828+0i,-64.9277444973887+0i,-0,-0,-0.0759439694075734+0i,-0.0650577705629508+0i
3.83146731178945+0i,1.45278653206542+0i,-64.5769364929483+0i,-64.9913885481745+0i,-0,-0,-0.0771325793654948+0i,-0.0636440507858012+0i
3.85021433844948+0i,1.45149266044558+0i,-64.6528624517195+0i,-65.0564673372281+0i,0,-0,-0.075925958771174+0i,-0.0650787890535618+0i
3.8413886016172+0i,1.44993317653025+0i,-64.7293598142446+0i,-65.1208734978551+0i,-0,0,-0.0764973625250491+0i,-0.0644061606270023+0i
3.83599579586117+0i,1.44850614690251+0i,-64.8062033926409+0i,-65.1848661885256+0i,-0,-0,-0.0768435783962862+0i,-0.0639926906705274+0i
3.8139015898696+0i,1.44703038011968+0i,-64.884441968714+0i,-65.2471456009671+0i,0,-0,-0.0782385760731212+0i,-0.0622794124414355+0i
3.81756360412696+0i,1.44567991210348+0i,-64.9624519525978+0i,-65.3097111059554+0i,-0,-0,-0.0780099838838691+0i,-0.06256550498828+0i
3.80637100687402+0i,1.44406270743672+0i,-65.0411573060906+0i,-65.3713995759605+0i,0,-0,-0.0787053534927981+0i,-0.061688470005129+0i
3.80122888316794+0i,1.44256786129241+0i,-65.1201788273905+0i,-65.4326825195211+0i,0,-0,-0.0790215212998923+0i,-0.0612829435605918+0i
3.78964959608136+0i,1.44097691464499+0i,-65.1999046480908+0i,-65.4930463622886+0i,0,-0,-0.079725820700302+0i,-0.0603638427675318+0i
3.78086465288551+0i,1.43944533637311+0i,-65.2801576784907+0i,-65.5527074979771+0i,-0,-0,-0.0802530303998438+0i,-0.0596611356885012+0i
3.76998437723285+0i,1.43785435641345+0i,-65.3610550755393+0i,-65.6114919444809+0i,-0,0,-0.0808973970486007+0i,-0.0587844465038249+0i
3.76723735177129+0i,1.43627874765197+0i,-65.4421136495244+0i,-65.6700539422568+0i,0,0,-0.0810585739850861+0i,-0.0585619977758983+0i
3.75905834616327+0i,1.43452575758809+0i,-65.5236484858399+0i,-65.7279510101186+0i,-0,-0,-0.0815348363155755+0i,-0.0578970678617865+0i
3.77612487872177+0i,1.43284327477481+0i,-65.6041833940316+0i,-65.7872310958352+0i,0,-0,-0.080534908191663+0i,-0.0592800857165407+0i
3.78781893512687+0i,1.4305996986963+0i,-65.6840195868069+0i,-65.847448886588+0i,0,0,-0.0798361927752838+0i,-0.0602177907527977+0i
3.77879182478508+0i,1.42841335670644+0i,-65.7643961119886+0i,-65.9069435434886+0i,0,0,-0.080376525181665+0i,-0.0594946569006089+0i
3.81503669448115+0i,1.42655691712256+0i,-65.8425639440249+0i,-65.9693117247571+0i,-0,-0,-0.078167832036306+0i,-0.0623681812685271+0i
3.82108183655796+0i,1.42382919171465+0i,-65.9203533255724+0i,-66.0321512992182+0i,-0,-0,-0.0777893815475534+0i,-0.0628395744610763+0i
3.82054887495742+0i,1.42155986835825+0i,-65.9981761871506+0i,-66.0949494060032+0i,0,-0,-0.0778228615781881+0i,-0.0627981067850152+0i
3.81786912184822+0i,1.41931911381673+0i,-66.0761670525235+0i,-66.1575387415036+0i,-0,0,-0.0779908653728854+0i,-0.0625893355004545+0i
3.81256208643712+0i,1.41704486245808+0i,-66.1544889818679+0i,-66.2197132972622+0i,0,0,-0.0783219293443793+0i,-0.0621745557585582+0i
3.82302138667152+0i,1.41474962603628+0i,-66.2321563366719+0i,-66.2827036298359+0i,0,-0,-0.0776673548040599+0i,-0.0629903325736599+0i
3.85732779432489+0i,1.41211574187409+0i,-66.3076174432866+0i,-66.3483208637648+0i,0,-0,-0.0754611066147085+0i,-0.0656172339289275+0i
3.84762785757644+0i,1.40909510529017+0i,-66.3837114729455+0i,-66.4132030543125+0i,-0,0,-0.0760940296588618+0i,-0.0648821905477633+0i
3.87857092076782+0i,1.40655510284949+0i,-66.4577617431571+0i,-66.4804083925053+0i,-0,0,-0.0740502702115533+0i,-0.0672053381927056+0i
3.87931805499734+0i,1.4034840100105+0i,-66.5317617812969+0i,-66.5476690374271+0i,0,0,-0.0740000381398718+0i,-0.0672606449218079+0i
3.85618635836723+0i,1.40062316372266+0i,-66.6072977366074+0i,-66.6132000946086+0i,-0,-0,-0.0755359553104643+0i,-0.0655310571815802+0i
3.84510396086277+0i,1.39791277518375+0i,-66.6835552796785+0i,-66.6778900252375+0i,-0,-0,-0.0762575430710717+0i,-0.0646899306288363+0i
3.84602662222539+0i,1.39502812556696+0i,-66.7597531033993+0i,-66.7426502882095+0i,-0,0,-0.0761978237208253+0i,-0.0647602629720574+0i
3.84507788142798+0i,1.39187431967618+0i,-66.8360123335212+0i,-66.8073382300627+0i,-0,0,-0.0762592301219663+0i,-0.0646879418532155+0i
3.84987756566732+0i,1.38863539176683+0i,-66.9119602047512+0i,-66.8723914456299+0i,0,-0,-0.075947871230003+0i,-0.0650532155671869+0i
3.86642035021581+0i,1.38518243362797+0i,-66.9868215718841+0i,-66.9386920920144+0i,0,-0,-0.0748613671328885+0i,-0.0663006463844425+0i
3.83948654855336+0i,1.38142721951574+0i,-67.0634412998942+0i,-67.0029526341819+0i,0,0,-0.0766197280100724+0i,-0.0642605421675115+0i
3.84664062105445+0i,1.37821475910719+0i,-67.1395993465288+0i,-67.0677596703184+0i,-0,-0,-0.0761580466346068+0i,-0.0648070361365265+0i
3.83720791469028+0i,1.37430548516638+0i,-67.2163653017483+0i,-67.1318454575044+0i,0,-0,-0.0767659552194759+0i,-0.0640857871859387+0i
3.84491231179362+0i,1.37056778259698+0i,-67.2926352411838+0i,-67.1965207722581+0i,-0,-0,-0.0762699394355384+0i,-0.0646753147537706+0i
3.87045807808809+0i,1.36632582739375+0i,-67.3672282948354+0i,-67.2631231471927+0i,-0,-0,-0.0745930536516117+0i,-0.0666023749345905+0i
3.86177295205936+0i,1.36158735498521+0i,-67.4423969779229+0i,-67.3290751682603+0i,0,0,-0.0751686830874647+0i,-0.0659520210675632+0i
3.85568079453494+0i,1.35725966421419+0i,-67.517966053711+0i,-67.3945680288218+0i,0,0,-0.0755690757881579+0i,-0.0654928605614662+0i
3.87539490886234+0i,1.35271893204804+0i,-67.5922293950438+0i,-67.4615378439185+0i,0,-0,-0.0742633413327919+0i,-0.0669698150967229+0i
3.876101066715+0i,1.34747297300133+0i,-67.6664454266037+0i,-67.5285600839549+0i,0,-0,-0.074216031559863+0i,-0.0670222400364641+0i
3.85660199966416+0i,1.34234163382601+0i,-67.7419541379766+0i,-67.5941225313375+0i,-0,0,-0.0755087113729442+0i,-0.0655624473826093+0i
3.86137918510268+0i,1.33739283779414+0i,-67.8171487849625+0i,-67.6600449483493+0i,-0,0,-0.0751946469858735+0i,-0.0659224170117409+0i
3.86251811956954+0i,1.33169795844693+0i,-67.8922683018816+0i,-67.7260529643613+0i,0,0,-0.0751195169190532+0i,-0.0660080160120578+0i
3.88122461062036+0i,1.32580556979435+0i,-67.966139969445+0i,-67.7934545721419+0i,0,-0,-0.0738716675634372+0i,-0.067401607780505+0i
3.87490986990647+0i,1.31920899449234+0i,-68.04043578501+0i,-67.8603883587487+0i,-0,-0,-0.0742958155650078+0i,-0.0669337866068427+0i
3.88372290022234+0i,1.3128247578227+0i,-68.1141388334797+0i,-67.9279743088144+0i,0,0,-0.0737030484696534+0i,-0.0675859500656751+0i
3.88636327778785+0i,1.30575555072681+0i,-68.1876631728167+0i,-67.9957546269389+0i,-0,0,-0.0735243393370011+0i,-0.0677803181244932+0i
3.87797527511202+0i,1.29843276057231+0i,-68.2617534604573+0i,-68.0629158454904+0i,-0,-0,-0.0740902876406418+0i,-0.0671612185515344+0i
3.8479599334446+0i,1.29096555036573+0i,-68.3378259401112+0i,-68.1278233014512+0i,0,0,-0.0760724796538924+0i,-0.064907455960838+0i
3.83313002647187+0i,1.28385802793907+0i,-68.4148525910066+0i,-68.1915955136743+0i,0,0,-0.0770266508954482+0i,-0.0637722122231208+0i
3.85575022323436+0i,1.27602430404573+0i,-68.4904171195285+0i,-68.2570936207406+0i,0,0,-0.0755645285218967+0i,-0.0654981070662615+0i
3.88049393343379+0i,1.26611416366064+0i,-68.5643380161851+0i,-68.3244412341912+0i,0,-0,-0.0739208966565585+0i,-0.0673476134505923+0i
3.88157137751173+0i,1.25556370356459+0i,-68.6381863066616+0i,-68.3918684541673+0i,-0,0,-0.0738482904764687+0i,-0.0674272199760831+0i
3.88423122798806+0i,1.24518289701791+0i,-68.7118549897954+0i,-68.4594918608053+0i,0,-0,-0.0736686831338144+0i,-0.06762340663801+0i
3.88066117885597+0i,1.2340250019574+0i,-68.7857646218381+0i,-68.5268518362455+0i,0,0,-0.0739096320427446+0i,-0.0673599754402131+0i
3.87217347874002+0i,1.22231942376238+0i,-68.8602433160397+0i,-68.5935820700982+0i,0,0,-0.0744786942015501+0i,-0.0667302338526697+0i
3.8488073207878+0i,1.21001633118326+0i,-68.936260766631+0i,-68.6585539656038+0i,-0,0,-0.0760174505913122+0i,-0.0649718955056524+0i
3.8633207027188+0i,1.19776844757362+0i,-69.0113272824406+0i,-68.7246222500087+0i,-0,-0,-0.0750665158096426+0i,-0.066068284404854+0i
3.84618127803016+0i,1.18233576242099+0i,-69.0875150896996+0i,-68.7893942966419+0i,0,-0,-0.0761878072590124+0i,-0.0647720466332783+0i
3.87049793086994+0i,1.16776505454962+0i,-69.1621054890021+0i,-68.8559996442643+0i,0,-0,-0.0745903993024573+0i,-0.0666053476223942+0i
3.86890721330171+0i,1.14893214088006+0i,-69.2368017441854+0i,-68.9224862554097+0i,0,-0,-0.0746962551832799+0i,-0.0664866111453602+0i
3.84502778862921+0i,1.13026758966797+0i,-69.3130642146117+0i,-68.9871703771435+0i,-0,-0,-0.0762624704263406+0i,-0.0646841217337881+0i
3.8678124632223+0i,1.11197969494686+0i,-69.3878332112424+0i,-69.0535751747325+0i,0,-0,-0.0747689966306771+0i,-0.0664047975890432+0i
3.87583637462046+0i,1.08744405680464+0i,-69.4620669804593+0i,-69.1205777680245+0i,0,0,-0.0742337692168933+0i,-0.067002593291999+0i
3.88165337302352+0i,1.06166511200921+0i,-69.5359097419581+0i,-69.1880110430023+0i,-0,-0,-0.0738427614988137+0i,-0.0674332749777832+0i
3.89450171163128+0i,1.03310078403941+0i,-69.6088800268536+0i,-69.256387482821+0i,-0,-0,-0.0729702848954613+0i,-0.0683764398186628+0i
3.88208118546077+0i,1.00008779593293+0i,-69.6826939328021+0i,-69.3238523424786+0i,0,0,-0.0738139059484944+0i,-0.067464859657653+0i
3.90484862840979+0i,0.966007161880065+0i,-69.7549528389722+0i,-69.3929801261774+0i,-0,0,-0.0722589061701299+0i,-0.0691277836987153+0i
3.93037550849484+0i,0.921788576768371+0i,-69.8254237786809+0i,-69.4639297326356+0i,-0,0,-0.0704709397086964+0i,-0.0709496064581987+0i
3.94085562986082+0i,0.869569578875516+0i,-69.8951473015342+0i,-69.5356139733089+0i,0,-0,-0.06972352285335+0i,-0.0716842406733753+0i
3.93590570689477+0i,0.809776567542443+0i,-69.9652248002358+0i,-69.6069522111322+0i,0,0,-0.0700774987015882+0i,-0.0713382378232664+0i
3.93168235296673+0i,0.7401707331865+0i,-70.0356029596933+0i,-69.6779938515368+0i,0,0,-0.0703781594574822+0i,-0.071041640404605+0i
3.93551662117286+0i,0.653280189024555+0i,-70.1057082097795+0i,-69.7493048178067+0i,-0,0,-0.0701052500862149+0i,-0.0713109662699172+0i
3.95192487374256+0i,0.535397760856207+0i,-70.1746339869906+0i,-69.8217564377738+0i,-0,-0,-0.0689257772110405+0i,-0.0724516199670788+0i
3.95179580565643+0i,0.346428623546707+0i,-70.2435691148194+0i,-69.8941991610193+0i,0,0,-0.0689351278288382+0i,-0.0724427232454836+0i
3.96183255789279-0.000253808353503687i,0+0.253808353503687i,-70.3117736952788-1.85612456121967e-05i,-69.9673301110236+1.73108918961094e-05i,-0,-0,-0.0682045804594565-1.85612456121967e-05i,-0.0731309500043337+1.73108918961094e-05i
